   2.0164910741198767E-08
   2.2700329435038866E-08
   2.5546456435113977E-08
   2.8741128115649958E-08
   3.2326675185281557E-08
   3.6350731454288807E-08
   4.0866708221907988E-08
   4.5934540533730494E-08
   5.1621561015017514E-08
   5.8003095059610476E-08
   6.5163894320280917E-08
   7.3198984403676750E-08
   8.2214989585912494E-08
   9.2331681271328065E-08
   1.0368305261365693E-07
   1.1641984434159102E-07
   1.3071107380563855E-07
   1.4674637447560265E-07
   1.6473876637825850E-07
   1.8492653787907872E-07
   2.0757778176321974E-07
   2.3299307342410786E-07
   2.6150965545767181E-07
   2.9350634466165420E-07
   3.2940691696512742E-07
   3.6968811611995775E-07
   4.1488445983439721E-07
   4.6559599505980964E-07
   5.2249501291346112E-07
   5.8633724117348489E-07
   6.5796900416323271E-07
   1.2307318829245244E-07
   1.4927145973092961E-07
   1.8101213246822467E-07
   2.1946745279348176E-07
   2.6605765728754837E-07
   3.2250339666734575E-07
   3.9088932272747616E-07
   4.7374104788515571E-07
   5.7411845257596922E-07
   6.9572864999105803E-07
   8.4306294331138555E-07
   1.0215626367710000E-06
   1.2378200723933712E-06
   1.4998220226139538E-06
   1.8172447075468870E-06
   2.2018111607864847E-06
   2.6677240464247944E-06
   3.2321904794438154E-06
