   2.6251329698298770E-08
   2.9747083405328847E-08
   3.3679745816614077E-08
   3.8101933593090047E-08
   4.3072517663841534E-08
   4.8657756216568790E-08
   5.4931964323207989E-08
   6.1978559334320317E-08
   6.9891283333417373E-08
   7.8775037227810287E-08
   8.8747880888850865E-08
   9.9942218119076748E-08
   1.1250664523331259E-07
   1.2660811150142841E-07
   1.4243341899165715E-07
   1.6019274525819127E-07
   1.8012177680273850E-07
   2.0248497232780269E-07
   2.2757942719125856E-07
   2.5573749849577822E-07
   2.8733313232781924E-07
   3.2278559995510756E-07
   3.6256533517527209E-07
   4.0720077959525422E-07
   4.5728310470612774E-07
   5.1347738422905901E-07
   5.7652929904339877E-07
   6.4727595630901104E-07
   7.2665525732656099E-07
   8.1572151205388490E-07
   9.1565542786823268E-07
   1.7337169695075260E-07
   2.1074040908192968E-07
   2.5601976391342406E-07
   3.1088205601318152E-07
   3.7735349204004817E-07
   4.5788898597054625E-07
   5.5546288346267775E-07
   6.7367876819815677E-07
   8.1690259555916924E-07
   9.9042387590705747E-07
   1.2006510931613827E-06
   1.4553482951829963E-06
   1.7639219479183672E-06
   2.1377682269979456E-06
   2.5906939725328776E-06
   3.1394266085524771E-06
   3.8042317233347846E-06
   4.6096619285138054E-06
