              1.7632186062042769E-08
              1.9812299327375859E-08
              2.2258749673093989E-08
              2.5004041603209956E-08
              2.8084536286981460E-08
              3.1541145741216829E-08
              3.5419739675377996E-08
              3.9771785971800479E-08
              4.4655100707087544E-08
             5.0134358927080429E-08
             5.6282325243451074E-08
             6.3180581399386772E-08
             7.0920663422892662E-08
             7.9605390829878093E-08
             8.9349789051936969E-08
             1.0028325763779111E-07
             1.1255088273865820E-07
             1.2631544530771274E-07
             1.4175979918981855E-07
             1.5908848639197881E-07
             1.7853163074041975E-07
             2.0034723673540777E-07
             2.2482478146137232E-07
             2.5228942656428401E-07
             2.8310492373712765E-07
             3.1768048903995751E-07
             3.5647492826379716E-07
             4.0000329371220981E-07
             4.4884264797556019E-07
             5.0364167102888446E-07
             5.6512680592623230E-07
             1.0368956850607231E-07
             1.2568547549138975E-07
             1.5233430404703465E-07
             1.8462024642508179E-07
             2.2373568956014882E-07
             2.7112522831015581E-07
             3.2853905056307604E-07
             3.9809754920775567E-07
             4.8236965884286977E-07
             5.8446769572205790E-07
             7.0816234051218582E-07
             8.5802184521000057E-07
             1.0395808137103734E-06
             1.2595445421843569E-06
             1.5260367008705895E-06
             1.8488993605189914E-06
             2.2400563638315023E-06
             2.7139539382758188E-06
