 0.177828E-19 0.643783E+06
 0.251188E-19 0.101334E+07
 0.354813E-19 0.152169E+07
 0.501188E-19 0.217999E+07
 0.707946E-19 0.297945E+07
 0.100000E-18 0.388485E+07
 0.141254E-18 0.483246E+07
 0.199526E-18 0.573479E+07
 0.281839E-18 0.649266E+07
 0.398108E-18 0.701266E+07
 0.562341E-18 0.722601E+07
 0.794328E-18 0.710347E+07
 0.112202E-17 0.666189E+07
 0.158490E-17 0.596047E+07
 0.223872E-17 0.508766E+07
 0.316228E-17 0.414297E+07
 0.446683E-17 0.321856E+07
 0.630956E-17 0.238543E+07
 0.891253E-17 0.168666E+07
 0.125893E-16 0.113774E+07
 0.177828E-16 0.732175E+06
 0.251188E-16 0.449513E+06
 0.354813E-16 0.263285E+06
 0.501188E-16 0.147117E+06
 0.707946E-16 0.784256E+05
 0.100000E-15 0.398848E+05
 0.141254E-15 0.193514E+05
 0.199526E-15 0.895722E+04
 0.281838E-15 0.395539E+04
 0.398108E-15 0.166633E+04
 0.562341E-15 0.669713E+03
 0.316228E-17 0.179791E+04
 0.562341E-17 0.330173E+04
 0.100000E-16 0.561610E+04
 0.177828E-16 0.884804E+04
 0.316228E-16 0.129115E+05
 0.562341E-16 0.174512E+05
 0.100000E-15 0.218471E+05
 0.177828E-15 0.253326E+05
 0.316228E-15 0.272073E+05
 0.562341E-15 0.270650E+05
 0.100000E-14 0.249373E+05
 0.177828E-14 0.212819E+05
 0.316228E-14 0.168224E+05
 0.562341E-14 0.123165E+05
 0.100000E-13 0.835223E+04
 0.177828E-13 0.524610E+04
 0.316228E-13 0.305204E+04
 0.562341E-13 0.164460E+04
