   2.0959563226498767E-08
   2.3611348366038842E-08
   2.6588584555843985E-08
   2.9930864253200057E-08
   3.3682484700041523E-08
   3.7893294627388813E-08
   4.2619191114108003E-08
   4.7922900861850461E-08
   5.3874894983147552E-08
   6.0554012142910256E-08
   6.8048959057250861E-08
   7.6459197910376781E-08
   8.5896333023912614E-08
   9.6485731734128084E-08
   1.0836764929165696E-07
   1.2169987278319136E-07
   1.3665932171333838E-07
   1.5344449691630266E-07
   1.7227838057485835E-07
   1.9341040602647879E-07
   2.1712120601951987E-07
   2.4372541619500704E-07
   2.7357605543707186E-07
   3.0706966243525419E-07
   3.4464983897372736E-07
   3.8681563330505763E-07
   4.3412657114939721E-07
   4.8721077382181121E-07
   5.4677198732956098E-07
   6.1360129854088452E-07
   6.8858463006723260E-07
   1.2926766649975272E-07
   1.5682003347572965E-07
   1.9020153356182479E-07
   2.3064501351758179E-07
   2.7964413786584807E-07
   3.3900852325954593E-07
   4.1093061327267630E-07
   4.9806661738615707E-07
   6.0363464326616913E-07
   7.3153350297505763E-07
   8.8648675242938566E-07
   1.0742170768459990E-06
   1.3016577235103701E-06
   1.5772084807999540E-06
   1.9110459515348839E-06
   2.3154993991124830E-06
   2.8055059466457962E-06
   3.3991625372978124E-06
