              1.9018589667798778E-08
              2.1390334642408870E-08
              2.4052238221193995E-08
              2.7039675813249965E-08
              3.0392222524421508E-08
              3.4154408939688809E-08
              3.8376164225078014E-08
              4.3113513472730460E-08
              4.8429394296767505E-08
             5.4394212984210428E-08
             6.1087184236310942E-08
             6.8597123333876774E-08
             7.7023684182212592E-08
             8.6478806455828074E-08
             9.7087719888477010E-08
             1.0899130485669108E-07
             1.2234752135253827E-07
             1.3733359539720266E-07
             1.5414860818175850E-07
             1.7301525469737883E-07
             1.9418408296291968E-07
             2.1793599692520779E-07
             2.4458616717857193E-07
             2.7448861679855411E-07
             3.0803938472112744E-07
             3.4568401024405752E-07
             3.8792202457539737E-07
             4.3531419850030976E-07
             4.8848881777486203E-07
             5.4815214300488426E-07
             6.1509510086913268E-07
             1.1425069687255235E-07
             1.3852984546902968E-07
             1.6794512730632458E-07
             2.0358290602588171E-07
             2.4675935950904830E-07
             2.9906906257104598E-07
             3.6244391465367615E-07
             4.3922446011795557E-07
             5.3224635835316922E-07
             6.4494507069405750E-07
             7.8148278160198572E-07
             9.4690205922700023E-07
             1.1473121602683717E-06
             1.3901145868279558E-06
             1.6842764848238884E-06
             2.0406618219934857E-06
             2.4724324880047974E-06
             2.9955346558898172E-06
