   2.5652077423998744E-08
   2.9045530608928835E-08
   3.2861858742714082E-08
   3.7152060177690073E-08
   4.1973197864041571E-08
   4.7389496216068778E-08
   5.3472988516307982E-08
   6.0304528971220339E-08
   6.7974976495517402E-08
   7.6586002153510257E-08
   8.6252027021350858E-08
   9.7101369885076813E-08
   1.0927803826431257E-07
   1.2294382169342816E-07
   1.3827974483865723E-07
   1.5548948098019133E-07
   1.7480141917073856E-07
   1.9647182627280271E-07
   2.2078859155025853E-07
   2.4807377028977830E-07
   2.7868971484981912E-07
   3.1304269489910732E-07
   3.5158855371527177E-07
   3.9483934109125415E-07
   4.4336788890612757E-07
   4.9781863684705855E-07
   5.5891412927839816E-07
   6.2746549866601073E-07
   7.0438154273556143E-07
   7.9068385446388482E-07
   8.8751650084023285E-07
   1.6804492086665256E-07
   2.0421028584892968E-07
   2.4803077154942436E-07
   3.0112478527118122E-07
   3.6545322171504834E-07
   4.4339184658154602E-07
   5.3781909541867722E-07
   6.5222233884215690E-07
   7.9082672251416896E-07
   9.5875115181505687E-07
   1.1621974073933825E-06
   1.4086791043849952E-06
   1.7072992938183670E-06
   2.0690865520079455E-06
   2.5074023568228755E-06
   3.0384345588824790E-06
   3.6817950405847845E-06
   4.4612444194038083E-06
