 .750E+00    0.0000E+00    0.0000E+00    0.0000E+00    0.0000E+00    0.0000E+00
 .150E+01    0.0000E+00    0.0000E+00    0.0000E+00    0.0000E+00    0.0000E+00
 .225E+01    0.0000E+00    0.0000E+00    0.0000E+00    0.0000E+00    0.0000E+00
 .300E+01    0.0000E+00    0.0000E+00    0.0000E+00    0.0000E+00    0.0000E+00
 .375E+01    0.0000E+00    0.0000E+00    0.0000E+00    0.0000E+00    0.0000E+00
 .450E+01    0.0000E+00    0.0000E+00    0.0000E+00    0.0000E+00    0.0000E+00
 .525E+01    0.0000E+00    0.0000E+00    0.0000E+00    0.0000E+00    0.0000E+00
 .600E+01    0.0000E+00    0.0000E+00    0.0000E+00    0.0000E+00    0.0000E+00
 .675E+01    0.0000E+00    0.0000E+00    0.0000E+00    0.0000E+00    0.0000E+00
 .750E+01    0.0000E+00    0.0000E+00    0.0000E+00    0.0000E+00    0.0000E+00
 .825E+01    0.0000E+00    0.0000E+00    0.0000E+00    0.0000E+00    0.0000E+00
 .900E+01    0.0000E+00    0.0000E+00    0.0000E+00    0.0000E+00    0.0000E+00
 .975E+01    0.0000E+00    0.0000E+00    0.0000E+00    0.0000E+00    0.0000E+00
 .105E+02    0.0000E+00    0.0000E+00    0.0000E+00    0.0000E+00    0.0000E+00
 .112E+02    0.0000E+00    0.0000E+00    0.0000E+00    0.0000E+00    0.0000E+00
 .120E+02    0.0000E+00    0.0000E+00    0.0000E+00    0.0000E+00    0.0000E+00
 .128E+02    0.0000E+00    0.0000E+00    0.0000E+00    0.0000E+00    0.0000E+00
 .135E+02    0.0000E+00    0.0000E+00    0.0000E+00    0.0000E+00    0.0000E+00
 .142E+02    0.0000E+00    0.0000E+00    0.0000E+00    0.0000E+00    0.0000E+00
 .150E+02    0.0000E+00    0.0000E+00    0.0000E+00    0.0000E+00    0.0000E+00
 .158E+02    0.0000E+00    0.0000E+00    0.0000E+00    0.0000E+00    0.0000E+00
 .165E+02    0.0000E+00    0.0000E+00    0.0000E+00    0.0000E+00    0.0000E+00
 .172E+02    0.0000E+00    0.0000E+00    0.0000E+00    0.0000E+00    0.0000E+00
 .180E+02    0.0000E+00    0.0000E+00    0.0000E+00    0.0000E+00    0.0000E+00
 .188E+02    0.0000E+00    0.0000E+00    0.0000E+00    0.0000E+00    0.0000E+00
 .195E+02    0.0000E+00    0.0000E+00    0.0000E+00    0.0000E+00    0.0000E+00
 .202E+02    0.0000E+00    0.0000E+00    0.0000E+00    0.0000E+00    0.0000E+00
 .210E+02    0.0000E+00    0.0000E+00    0.0000E+00    0.0000E+00    0.0000E+00
 .218E+02    0.0000E+00    0.0000E+00    0.0000E+00    0.0000E+00    0.0000E+00
 .225E+02    0.0000E+00    0.0000E+00    0.0000E+00    0.0000E+00    0.0000E+00
 .232E+02    0.0000E+00    0.0000E+00    0.0000E+00    0.0000E+00    0.0000E+00
 .240E+02    0.0000E+00    0.0000E+00    0.0000E+00    0.0000E+00    0.0000E+00
 .248E+02    0.0000E+00    0.0000E+00    0.0000E+00    0.0000E+00    0.0000E+00
 .255E+02    0.0000E+00    0.0000E+00    0.0000E+00    0.0000E+00    0.0000E+00
 .262E+02    0.0000E+00    0.0000E+00    0.0000E+00    0.0000E+00    0.0000E+00
 .270E+02    0.0000E+00    0.0000E+00    0.0000E+00    0.0000E+00    0.0000E+00
 .278E+02    0.0000E+00    0.0000E+00    0.0000E+00    0.0000E+00    0.0000E+00
 .285E+02    0.0000E+00    0.0000E+00    0.0000E+00    0.0000E+00    0.0000E+00
 .292E+02    0.0000E+00    0.0000E+00    0.0000E+00    0.0000E+00    0.0000E+00
 .300E+02    0.0000E+00    0.0000E+00    0.0000E+00    0.0000E+00    0.0000E+00
 .308E+02    0.0000E+00    0.0000E+00    0.0000E+00    0.0000E+00    0.0000E+00
 .315E+02    0.0000E+00    0.0000E+00    0.0000E+00    0.0000E+00    0.0000E+00
 .322E+02    0.0000E+00    0.0000E+00    0.0000E+00    0.0000E+00    0.0000E+00
 .330E+02    0.0000E+00    0.0000E+00    0.0000E+00    0.0000E+00    0.0000E+00
 .338E+02    0.0000E+00    0.0000E+00    0.0000E+00    0.0000E+00    0.0000E+00
 .345E+02    0.0000E+00    0.0000E+00    0.0000E+00    0.0000E+00    0.0000E+00
 .352E+02    0.0000E+00    0.0000E+00    0.0000E+00    0.0000E+00    0.0000E+00
 .360E+02    0.0000E+00    0.0000E+00    0.0000E+00    0.0000E+00    0.0000E+00
 .368E+02    0.0000E+00    0.0000E+00    0.0000E+00    0.0000E+00    0.0000E+00
 .375E+02    0.0000E+00    0.0000E+00    0.0000E+00    0.0000E+00    0.0000E+00
 .382E+02    0.0000E+00    0.0000E+00    0.0000E+00    0.0000E+00    0.0000E+00
 .390E+02    0.0000E+00    0.0000E+00    0.0000E+00    0.0000E+00    0.0000E+00
 .398E+02    0.0000E+00    0.0000E+00    0.0000E+00    0.0000E+00    0.0000E+00
 .405E+02    0.0000E+00    0.0000E+00    0.0000E+00    0.0000E+00    0.0000E+00
 .412E+02    0.0000E+00    0.0000E+00    0.0000E+00    0.0000E+00    0.0000E+00
 .420E+02    0.0000E+00    0.0000E+00    0.0000E+00    0.0000E+00    0.0000E+00
 .428E+02    0.0000E+00    0.0000E+00    0.0000E+00    0.0000E+00    0.0000E+00
 .435E+02    0.0000E+00    0.0000E+00    0.0000E+00    0.0000E+00    0.0000E+00
 .442E+02    0.0000E+00    0.0000E+00    0.0000E+00    0.0000E+00    0.0000E+00
 .450E+02    0.0000E+00    0.0000E+00    0.0000E+00    0.0000E+00    0.0000E+00
 .458E+02    0.0000E+00    0.0000E+00    0.0000E+00    0.0000E+00    0.0000E+00
 .465E+02    0.0000E+00    0.0000E+00    0.0000E+00    0.0000E+00    0.0000E+00
 .472E+02    0.0000E+00    0.0000E+00    0.0000E+00    0.0000E+00    0.0000E+00
 .480E+02    0.0000E+00    0.0000E+00    0.0000E+00    0.0000E+00    0.0000E+00
 .488E+02    0.0000E+00    0.0000E+00    0.0000E+00    0.0000E+00    0.0000E+00
 .495E+02    0.0000E+00    0.0000E+00    0.0000E+00    0.0000E+00    0.0000E+00
 .502E+02    0.0000E+00    0.0000E+00    0.0000E+00    0.0000E+00    0.0000E+00
 .510E+02    0.0000E+00    0.0000E+00    0.0000E+00    0.0000E+00    0.0000E+00
 .518E+02    0.0000E+00    0.0000E+00    0.0000E+00    0.0000E+00    0.0000E+00
 .525E+02    0.0000E+00    0.0000E+00    0.0000E+00    0.0000E+00    0.0000E+00
 .532E+02    0.0000E+00    0.0000E+00    0.0000E+00    0.0000E+00    0.0000E+00
 .540E+02    0.0000E+00    0.0000E+00    0.0000E+00    0.0000E+00    0.0000E+00
 .548E+02    0.0000E+00    0.0000E+00    0.0000E+00    0.0000E+00    0.0000E+00
 .555E+02    0.0000E+00    0.0000E+00    0.0000E+00    0.0000E+00    0.0000E+00
 .562E+02    0.0000E+00    0.0000E+00    0.0000E+00    0.0000E+00    0.0000E+00
 .570E+02    0.0000E+00    0.0000E+00    0.0000E+00    0.0000E+00    0.0000E+00
 .578E+02    0.0000E+00    0.0000E+00    0.0000E+00    0.0000E+00    0.0000E+00
 .585E+02    0.0000E+00    0.0000E+00    0.0000E+00    0.0000E+00    0.0000E+00
 .592E+02    0.0000E+00    0.0000E+00    0.0000E+00    0.0000E+00    0.0000E+00
 .600E+02    0.0000E+00    0.0000E+00    0.0000E+00    0.0000E+00    0.0000E+00
 .608E+02    0.0000E+00    0.0000E+00    0.0000E+00    0.0000E+00    0.0000E+00
 .615E+02    0.0000E+00    0.0000E+00    0.0000E+00    0.0000E+00    0.0000E+00
 .622E+02    0.0000E+00    0.0000E+00    0.0000E+00    0.0000E+00    0.0000E+00
 .630E+02    0.0000E+00    0.0000E+00    0.0000E+00    0.0000E+00    0.0000E+00
 .638E+02    0.0000E+00    0.0000E+00    0.0000E+00    0.0000E+00    0.0000E+00
 .645E+02    0.0000E+00    0.0000E+00    0.0000E+00    0.0000E+00    0.0000E+00
 .652E+02    0.0000E+00    0.0000E+00    0.0000E+00    0.0000E+00    0.0000E+00
 .660E+02    0.0000E+00    0.0000E+00    0.0000E+00    0.0000E+00    0.0000E+00
 .668E+02    0.0000E+00    0.0000E+00    0.0000E+00    0.0000E+00    0.0000E+00
 .675E+02    0.0000E+00    0.0000E+00    0.0000E+00    0.0000E+00    0.0000E+00
 .682E+02    0.0000E+00    0.0000E+00    0.0000E+00    0.0000E+00    0.0000E+00
 .690E+02    0.0000E+00    0.0000E+00    0.0000E+00    0.0000E+00    0.0000E+00
 .698E+02    0.0000E+00    0.0000E+00    0.0000E+00    0.0000E+00    0.0000E+00
 .705E+02    0.0000E+00    0.0000E+00    0.0000E+00    0.0000E+00    0.0000E+00
 .712E+02    0.0000E+00    0.0000E+00    0.0000E+00    0.0000E+00    0.0000E+00
 .720E+02    0.0000E+00    0.0000E+00    0.0000E+00    0.0000E+00    0.0000E+00
 .728E+02    0.0000E+00    0.0000E+00    0.0000E+00    0.0000E+00    0.0000E+00
 .735E+02    0.0000E+00    0.0000E+00    0.0000E+00    0.0000E+00    0.0000E+00
 .742E+02    0.0000E+00    0.0000E+00    0.0000E+00    0.0000E+00    0.0000E+00
 .750E+02    0.0000E+00    0.0000E+00    0.0000E+00    0.0000E+00    0.0000E+00
 .758E+02    0.0000E+00    0.0000E+00    0.0000E+00    0.0000E+00    0.0000E+00
 .765E+02    0.0000E+00    0.0000E+00    0.0000E+00    0.0000E+00    0.0000E+00
 .772E+02    0.0000E+00    0.0000E+00    0.0000E+00    0.0000E+00    0.0000E+00
 .780E+02    0.0000E+00    0.0000E+00    0.0000E+00    0.0000E+00    0.0000E+00
 .788E+02    0.0000E+00    0.0000E+00    0.0000E+00    0.0000E+00    0.0000E+00
 .795E+02    0.0000E+00    0.0000E+00    0.0000E+00    0.0000E+00    0.0000E+00
 .802E+02    0.0000E+00    0.0000E+00    0.0000E+00    0.0000E+00    0.0000E+00
 .810E+02    0.0000E+00    0.0000E+00    0.0000E+00    0.0000E+00    0.0000E+00
 .818E+02    0.0000E+00    0.0000E+00    0.0000E+00    0.0000E+00    0.0000E+00
 .825E+02    0.0000E+00    0.0000E+00    0.0000E+00    0.0000E+00    0.0000E+00
 .832E+02    0.0000E+00    0.0000E+00    0.0000E+00    0.0000E+00    0.0000E+00
 .840E+02    0.0000E+00    0.0000E+00    0.0000E+00    0.0000E+00    0.0000E+00
 .848E+02    0.0000E+00    0.0000E+00    0.0000E+00    0.0000E+00    0.0000E+00
 .855E+02    0.0000E+00    0.0000E+00    0.0000E+00    0.0000E+00    0.0000E+00
 .862E+02    0.0000E+00    0.0000E+00    0.0000E+00    0.0000E+00    0.0000E+00
 .870E+02    0.0000E+00    0.0000E+00    0.0000E+00    0.0000E+00    0.0000E+00
 .878E+02    0.0000E+00    0.0000E+00    0.0000E+00    0.0000E+00    0.0000E+00
 .885E+02    0.0000E+00    0.0000E+00    0.0000E+00    0.0000E+00    0.0000E+00
 .892E+02    0.0000E+00    0.0000E+00    0.0000E+00    0.0000E+00    0.0000E+00
 .900E+02    0.0000E+00    0.0000E+00    0.0000E+00    0.0000E+00    0.0000E+00
 .908E+02    0.0000E+00    0.0000E+00    0.0000E+00    0.0000E+00    0.0000E+00
 .915E+02    0.0000E+00    0.0000E+00    0.0000E+00    0.0000E+00    0.0000E+00
 .922E+02    0.0000E+00    0.0000E+00    0.0000E+00    0.0000E+00    0.0000E+00
 .930E+02    0.0000E+00    0.0000E+00    0.0000E+00    0.0000E+00    0.0000E+00
 .938E+02    0.0000E+00    0.0000E+00    0.0000E+00    0.0000E+00    0.0000E+00
 .945E+02    0.0000E+00    0.0000E+00    0.0000E+00    0.0000E+00    0.0000E+00
 .952E+02    0.0000E+00    0.0000E+00    0.0000E+00    0.0000E+00    0.0000E+00
 .960E+02    0.0000E+00    0.0000E+00    0.0000E+00    0.0000E+00    0.0000E+00
 .968E+02    0.0000E+00    0.0000E+00    0.0000E+00    0.0000E+00    0.0000E+00
 .975E+02    0.0000E+00    0.0000E+00    0.0000E+00    0.0000E+00    0.0000E+00
 .982E+02    0.0000E+00    0.0000E+00    0.0000E+00    0.0000E+00    0.0000E+00
 .990E+02    0.0000E+00    0.0000E+00    0.0000E+00    0.0000E+00    0.0000E+00
 .998E+02    0.0000E+00    0.0000E+00    0.0000E+00    0.0000E+00    0.0000E+00
 .100E+03    0.0000E+00    0.0000E+00    0.0000E+00    0.0000E+00    0.0000E+00
 .101E+03    0.0000E+00    0.0000E+00    0.0000E+00    0.0000E+00    0.0000E+00
 .102E+03    0.0000E+00    0.0000E+00    0.0000E+00    0.0000E+00    0.0000E+00
 .103E+03    0.0000E+00    0.0000E+00    0.0000E+00    0.0000E+00    0.0000E+00
 .104E+03    0.0000E+00    0.0000E+00    0.0000E+00    0.0000E+00    0.0000E+00
 .104E+03    0.0000E+00    0.0000E+00    0.0000E+00    0.0000E+00    0.0000E+00
 .105E+03    0.0000E+00    0.0000E+00    0.0000E+00    0.0000E+00    0.0000E+00
 .106E+03    0.0000E+00    0.0000E+00    0.0000E+00    0.0000E+00    0.0000E+00
 .106E+03    0.0000E+00    0.0000E+00    0.0000E+00    0.0000E+00    0.0000E+00
 .107E+03    0.0000E+00    0.0000E+00    0.0000E+00    0.0000E+00    0.0000E+00
 .108E+03    0.0000E+00    0.0000E+00    0.0000E+00    0.0000E+00    0.0000E+00
 .109E+03    0.0000E+00    0.0000E+00    0.0000E+00    0.0000E+00    0.0000E+00
 .110E+03    0.0000E+00    0.0000E+00    0.0000E+00    0.0000E+00    0.0000E+00
 .110E+03    0.0000E+00    0.0000E+00    0.0000E+00    0.0000E+00    0.0000E+00
 .111E+03    0.0000E+00    0.0000E+00    0.0000E+00    0.0000E+00    0.0000E+00
 .112E+03    0.0000E+00    0.0000E+00    0.0000E+00    0.0000E+00    0.0000E+00
 .112E+03    0.0000E+00    0.0000E+00    0.0000E+00    0.0000E+00    0.0000E+00
 .113E+03    0.0000E+00    0.0000E+00    0.0000E+00    0.0000E+00    0.0000E+00
 .114E+03    0.0000E+00    0.0000E+00    0.0000E+00    0.0000E+00    0.0000E+00
 .115E+03    0.0000E+00    0.0000E+00    0.0000E+00    0.0000E+00    0.0000E+00
 .116E+03    0.0000E+00    0.0000E+00    0.0000E+00    0.0000E+00    0.0000E+00
 .116E+03    0.0000E+00    0.0000E+00    0.0000E+00    0.0000E+00    0.0000E+00
 .117E+03    0.0000E+00    0.0000E+00    0.0000E+00    0.0000E+00    0.0000E+00
 .118E+03    0.0000E+00    0.0000E+00    0.0000E+00    0.0000E+00    0.0000E+00
 .118E+03    0.0000E+00    0.0000E+00    0.0000E+00    0.0000E+00    0.0000E+00
 .119E+03    0.0000E+00    0.0000E+00    0.0000E+00    0.0000E+00    0.0000E+00
 .120E+03    0.0000E+00    0.0000E+00    0.0000E+00    0.0000E+00    0.0000E+00
 .121E+03    0.0000E+00    0.0000E+00    0.0000E+00    0.0000E+00    0.0000E+00
 .122E+03    0.0000E+00    0.0000E+00    0.0000E+00    0.0000E+00    0.0000E+00
 .122E+03    0.0000E+00    0.0000E+00    0.0000E+00    0.0000E+00    0.0000E+00
 .123E+03    0.0000E+00    0.0000E+00    0.0000E+00    0.0000E+00    0.0000E+00
 .124E+03    0.0000E+00    0.0000E+00    0.0000E+00    0.0000E+00    0.0000E+00
 .124E+03    0.0000E+00    0.0000E+00    0.0000E+00    0.0000E+00    0.0000E+00
 .125E+03    0.0000E+00    0.0000E+00    0.0000E+00    0.0000E+00    0.0000E+00
 .126E+03    0.0000E+00    0.0000E+00    0.0000E+00    0.0000E+00    0.0000E+00
 .127E+03    0.0000E+00    0.0000E+00    0.0000E+00    0.0000E+00    0.0000E+00
 .128E+03    0.0000E+00    0.0000E+00    0.0000E+00    0.0000E+00    0.0000E+00
 .128E+03    0.0000E+00    0.0000E+00    0.0000E+00    0.0000E+00    0.0000E+00
 .129E+03    0.0000E+00    0.0000E+00    0.0000E+00    0.0000E+00    0.0000E+00
 .130E+03    0.0000E+00    0.0000E+00    0.0000E+00    0.0000E+00    0.0000E+00
 .130E+03    0.0000E+00    0.0000E+00    0.0000E+00    0.0000E+00    0.0000E+00
 .131E+03    0.0000E+00    0.0000E+00    0.0000E+00    0.0000E+00    0.0000E+00
 .132E+03    0.0000E+00    0.0000E+00    0.0000E+00    0.0000E+00    0.0000E+00
 .133E+03    0.0000E+00    0.0000E+00    0.0000E+00    0.0000E+00    0.0000E+00
 .134E+03    0.0000E+00    0.0000E+00    0.0000E+00    0.0000E+00    0.0000E+00
 .134E+03    0.0000E+00    0.0000E+00    0.0000E+00    0.0000E+00    0.0000E+00
 .135E+03    0.0000E+00    0.0000E+00    0.0000E+00    0.0000E+00    0.0000E+00
 .136E+03    0.0000E+00    0.0000E+00    0.0000E+00    0.0000E+00    0.0000E+00
 .136E+03    0.0000E+00    0.0000E+00    0.0000E+00    0.0000E+00    0.0000E+00
 .137E+03    0.0000E+00    0.0000E+00    0.0000E+00    0.0000E+00    0.0000E+00
 .138E+03    0.0000E+00    0.0000E+00    0.0000E+00    0.0000E+00    0.0000E+00
 .139E+03    0.0000E+00    0.0000E+00    0.0000E+00    0.0000E+00    0.0000E+00
 .140E+03    0.0000E+00    0.0000E+00    0.0000E+00    0.0000E+00    0.0000E+00
 .140E+03    0.0000E+00    0.0000E+00    0.0000E+00    0.0000E+00    0.0000E+00
 .141E+03    0.0000E+00    0.0000E+00    0.0000E+00    0.0000E+00    0.0000E+00
 .142E+03    0.0000E+00    0.0000E+00    0.0000E+00    0.0000E+00    0.0000E+00
 .142E+03    0.0000E+00    0.0000E+00    0.0000E+00    0.0000E+00    0.0000E+00
 .143E+03    0.0000E+00    0.0000E+00    0.0000E+00    0.0000E+00    0.0000E+00
 .144E+03    0.0000E+00    0.0000E+00    0.0000E+00    0.0000E+00    0.0000E+00
 .145E+03    0.0000E+00    0.0000E+00    0.0000E+00    0.0000E+00    0.0000E+00
 .146E+03    0.0000E+00    0.0000E+00    0.0000E+00    0.0000E+00    0.0000E+00
 .146E+03    0.0000E+00    0.0000E+00    0.0000E+00    0.0000E+00    0.0000E+00
 .147E+03    0.0000E+00    0.0000E+00    0.0000E+00    0.0000E+00    0.0000E+00
 .148E+03    0.0000E+00    0.0000E+00    0.0000E+00    0.0000E+00    0.0000E+00
 .148E+03    0.0000E+00    0.0000E+00    0.0000E+00    0.0000E+00    0.0000E+00
 .149E+03    0.0000E+00    0.0000E+00    0.0000E+00    0.0000E+00    0.0000E+00
 .150E+03    0.0000E+00    0.0000E+00    0.0000E+00    0.0000E+00    0.0000E+00
 .151E+03    0.0000E+00    0.0000E+00    0.0000E+00    0.0000E+00    0.0000E+00
 .152E+03    0.0000E+00    0.0000E+00    0.0000E+00    0.0000E+00    0.0000E+00
 .152E+03    0.0000E+00    0.0000E+00    0.0000E+00    0.0000E+00    0.0000E+00
 .153E+03    0.0000E+00    0.0000E+00    0.0000E+00    0.0000E+00    0.0000E+00
 .154E+03    0.0000E+00    0.0000E+00    0.0000E+00    0.0000E+00    0.0000E+00
 .154E+03    0.0000E+00    0.0000E+00    0.0000E+00    0.0000E+00    0.0000E+00
 .155E+03    0.0000E+00    0.0000E+00    0.0000E+00    0.0000E+00    0.0000E+00
 .156E+03    0.0000E+00    0.0000E+00    0.0000E+00    0.0000E+00    0.0000E+00
 .157E+03    0.0000E+00    0.0000E+00    0.0000E+00    0.0000E+00    0.0000E+00
 .158E+03    0.0000E+00    0.0000E+00    0.0000E+00    0.0000E+00    0.0000E+00
 .158E+03    0.0000E+00    0.0000E+00    0.0000E+00    0.0000E+00    0.0000E+00
 .159E+03    0.0000E+00    0.0000E+00    0.0000E+00    0.0000E+00    0.0000E+00
 .160E+03    0.0000E+00    0.0000E+00    0.0000E+00    0.0000E+00    0.0000E+00
 .160E+03    0.0000E+00    0.0000E+00    0.0000E+00    0.0000E+00    0.0000E+00
 .161E+03    0.0000E+00    0.0000E+00    0.0000E+00    0.0000E+00    0.0000E+00
 .162E+03    0.0000E+00    0.0000E+00    0.0000E+00    0.0000E+00    0.0000E+00
 .163E+03    0.0000E+00    0.0000E+00    0.0000E+00    0.0000E+00    0.0000E+00
 .164E+03    0.0000E+00    0.0000E+00    0.0000E+00    0.0000E+00    0.0000E+00
 .164E+03    0.0000E+00    0.0000E+00    0.0000E+00    0.0000E+00    0.0000E+00
 .165E+03    0.0000E+00    0.0000E+00    0.0000E+00    0.0000E+00    0.0000E+00
 .166E+03    0.0000E+00    0.0000E+00    0.0000E+00    0.0000E+00    0.0000E+00
 .166E+03    0.0000E+00    0.0000E+00    0.0000E+00    0.0000E+00    0.0000E+00
 .167E+03    0.0000E+00    0.0000E+00    0.0000E+00    0.0000E+00    0.0000E+00
 .168E+03    0.0000E+00    0.0000E+00    0.0000E+00    0.0000E+00    0.0000E+00
 .169E+03    0.0000E+00    0.0000E+00    0.0000E+00    0.0000E+00    0.0000E+00
 .170E+03    0.0000E+00    0.0000E+00    0.0000E+00    0.0000E+00    0.0000E+00
 .170E+03    0.0000E+00    0.0000E+00    0.0000E+00    0.0000E+00    0.0000E+00
 .171E+03    0.0000E+00    0.0000E+00    0.0000E+00    0.0000E+00    0.0000E+00
 .172E+03    0.0000E+00    0.0000E+00    0.0000E+00    0.0000E+00    0.0000E+00
 .172E+03    0.0000E+00    0.0000E+00    0.0000E+00    0.0000E+00    0.0000E+00
 .173E+03    0.0000E+00    0.0000E+00    0.0000E+00    0.0000E+00    0.0000E+00
 .174E+03    0.0000E+00    0.0000E+00    0.0000E+00    0.0000E+00    0.0000E+00
 .175E+03    0.0000E+00    0.0000E+00    0.0000E+00    0.0000E+00    0.0000E+00
 .176E+03    0.0000E+00    0.0000E+00    0.0000E+00    0.0000E+00    0.0000E+00
 .176E+03    0.0000E+00    0.0000E+00    0.0000E+00    0.0000E+00    0.0000E+00
 .177E+03    0.0000E+00    0.0000E+00    0.0000E+00    0.0000E+00    0.0000E+00
 .178E+03    0.0000E+00    0.0000E+00    0.0000E+00    0.0000E+00    0.0000E+00
 .178E+03    0.0000E+00    0.0000E+00    0.0000E+00    0.0000E+00    0.0000E+00
 .179E+03    0.0000E+00    0.0000E+00    0.0000E+00    0.0000E+00    0.0000E+00
 .180E+03    0.0000E+00    0.0000E+00    0.0000E+00    0.0000E+00    0.0000E+00
 .181E+03    0.0000E+00    0.0000E+00    0.0000E+00    0.0000E+00    0.0000E+00
 .182E+03    0.0000E+00    0.0000E+00    0.0000E+00    0.0000E+00    0.0000E+00
 .182E+03    0.0000E+00    0.0000E+00    0.0000E+00    0.0000E+00    0.0000E+00
 .183E+03    0.0000E+00    0.0000E+00    0.0000E+00    0.0000E+00    0.0000E+00
 .184E+03    0.0000E+00    0.0000E+00    0.0000E+00    0.0000E+00    0.0000E+00
 .184E+03    0.0000E+00    0.0000E+00    0.0000E+00    0.0000E+00    0.0000E+00
 .185E+03    0.0000E+00    0.0000E+00    0.0000E+00    0.0000E+00    0.0000E+00
 .186E+03    0.0000E+00    0.0000E+00    0.0000E+00    0.0000E+00    0.0000E+00
 .187E+03    0.0000E+00    0.0000E+00    0.0000E+00    0.0000E+00    0.0000E+00
 .188E+03    0.0000E+00    0.0000E+00    0.0000E+00    0.0000E+00    0.0000E+00
 .188E+03    0.0000E+00    0.0000E+00    0.0000E+00    0.0000E+00    0.0000E+00
 .189E+03    0.0000E+00    0.0000E+00    0.0000E+00    0.0000E+00    0.0000E+00
 .190E+03    0.0000E+00    0.0000E+00    0.0000E+00    0.0000E+00    0.0000E+00
 .190E+03    0.0000E+00    0.0000E+00    0.0000E+00    0.0000E+00    0.0000E+00
 .191E+03    0.0000E+00    0.0000E+00    0.0000E+00    0.0000E+00    0.0000E+00
 .192E+03    0.0000E+00    0.0000E+00    0.0000E+00    0.0000E+00    0.0000E+00
 .193E+03    0.0000E+00    0.0000E+00    0.0000E+00    0.0000E+00    0.0000E+00
 .194E+03    0.0000E+00    0.0000E+00    0.0000E+00    0.0000E+00    0.0000E+00
 .194E+03    0.0000E+00    0.0000E+00    0.0000E+00    0.0000E+00    0.0000E+00
 .195E+03    0.0000E+00    0.0000E+00    0.0000E+00    0.0000E+00    0.0000E+00
 .196E+03    0.0000E+00    0.0000E+00    0.0000E+00    0.0000E+00    0.0000E+00
 .196E+03    0.0000E+00    0.0000E+00    0.0000E+00    0.0000E+00    0.0000E+00
 .197E+03    0.0000E+00    0.0000E+00    0.0000E+00    0.0000E+00    0.0000E+00
 .198E+03    0.0000E+00    0.0000E+00    0.0000E+00    0.0000E+00    0.0000E+00
 .199E+03    0.0000E+00    0.0000E+00    0.0000E+00    0.0000E+00    0.0000E+00
 .200E+03    0.0000E+00    0.0000E+00    0.0000E+00    0.0000E+00    0.0000E+00
 .200E+03    0.0000E+00    0.0000E+00    0.0000E+00    0.0000E+00    0.0000E+00
 .201E+03    0.0000E+00    0.0000E+00    0.0000E+00    0.0000E+00    0.0000E+00
 .202E+03    0.0000E+00    0.0000E+00    0.0000E+00    0.0000E+00    0.0000E+00
 .202E+03    0.0000E+00    0.0000E+00    0.0000E+00    0.0000E+00    0.0000E+00
 .203E+03    0.0000E+00    0.0000E+00    0.0000E+00    0.0000E+00    0.0000E+00
 .204E+03    0.0000E+00    0.0000E+00    0.0000E+00    0.0000E+00    0.0000E+00
 .205E+03    0.0000E+00    0.0000E+00    0.0000E+00    0.0000E+00    0.0000E+00
 .206E+03    0.0000E+00    0.0000E+00    0.0000E+00    0.0000E+00    0.0000E+00
 .206E+03    0.0000E+00    0.0000E+00    0.0000E+00    0.0000E+00    0.0000E+00
 .207E+03    0.0000E+00    0.0000E+00    0.0000E+00    0.0000E+00    0.0000E+00
 .208E+03    0.0000E+00    0.0000E+00    0.0000E+00    0.0000E+00    0.0000E+00
 .208E+03    0.0000E+00    0.0000E+00    0.0000E+00    0.0000E+00    0.0000E+00
 .209E+03    0.0000E+00    0.0000E+00    0.0000E+00    0.0000E+00    0.0000E+00
 .210E+03    0.0000E+00    0.0000E+00    0.0000E+00    0.0000E+00    0.0000E+00
 .211E+03    0.0000E+00    0.0000E+00    0.0000E+00    0.0000E+00    0.0000E+00
 .212E+03    0.0000E+00    0.0000E+00    0.0000E+00    0.0000E+00    0.0000E+00
 .212E+03    0.0000E+00    0.0000E+00    0.0000E+00    0.0000E+00    0.0000E+00
 .213E+03    0.0000E+00    0.0000E+00    0.0000E+00    0.0000E+00    0.0000E+00
 .214E+03    0.0000E+00    0.0000E+00    0.0000E+00    0.0000E+00    0.0000E+00
 .214E+03    0.0000E+00    0.0000E+00    0.0000E+00    0.0000E+00    0.0000E+00
 .215E+03    0.0000E+00    0.0000E+00    0.0000E+00    0.0000E+00    0.0000E+00
 .216E+03    0.0000E+00    0.0000E+00    0.0000E+00    0.0000E+00    0.0000E+00
 .217E+03    0.0000E+00    0.0000E+00    0.0000E+00    0.0000E+00    0.0000E+00
 .218E+03    0.0000E+00    0.0000E+00    0.0000E+00    0.0000E+00    0.0000E+00
 .218E+03    0.0000E+00    0.0000E+00    0.0000E+00    0.0000E+00    0.0000E+00
 .219E+03    0.0000E+00    0.0000E+00    0.0000E+00    0.0000E+00    0.0000E+00
 .220E+03    0.0000E+00    0.0000E+00    0.0000E+00    0.0000E+00    0.0000E+00
 .220E+03    0.0000E+00    0.0000E+00    0.0000E+00    0.0000E+00    0.0000E+00
 .221E+03    0.0000E+00    0.0000E+00    0.0000E+00    0.0000E+00    0.0000E+00
 .222E+03    0.0000E+00    0.0000E+00    0.0000E+00    0.0000E+00    0.0000E+00
 .223E+03    0.0000E+00    0.0000E+00    0.0000E+00    0.0000E+00    0.0000E+00
 .224E+03    0.0000E+00    0.0000E+00    0.0000E+00    0.0000E+00    0.0000E+00
 .224E+03    0.0000E+00    0.0000E+00    0.0000E+00    0.0000E+00    0.0000E+00
 .225E+03    0.0000E+00    0.0000E+00    0.0000E+00    0.0000E+00    0.0000E+00
 .226E+03    0.0000E+00    0.0000E+00    0.0000E+00    0.0000E+00    0.0000E+00
 .226E+03    0.0000E+00    0.0000E+00    0.0000E+00    0.0000E+00    0.0000E+00
 .227E+03    0.0000E+00    0.0000E+00    0.0000E+00    0.0000E+00    0.0000E+00
 .228E+03    0.0000E+00    0.0000E+00    0.0000E+00    0.0000E+00    0.0000E+00
 .229E+03    0.0000E+00    0.0000E+00    0.0000E+00    0.0000E+00    0.0000E+00
 .230E+03    0.0000E+00    0.0000E+00    0.0000E+00    0.0000E+00    0.0000E+00
 .230E+03    0.0000E+00    0.0000E+00    0.0000E+00    0.0000E+00    0.0000E+00
 .231E+03    0.0000E+00    0.0000E+00    0.0000E+00    0.0000E+00    0.0000E+00
 .232E+03    0.0000E+00    0.0000E+00    0.0000E+00    0.0000E+00    0.0000E+00
 .232E+03    0.0000E+00    0.0000E+00    0.0000E+00    0.0000E+00    0.0000E+00
 .233E+03    0.0000E+00    0.0000E+00    0.0000E+00    0.0000E+00    0.0000E+00
 .234E+03    0.0000E+00    0.0000E+00    0.0000E+00    0.0000E+00    0.0000E+00
 .235E+03    0.0000E+00    0.0000E+00    0.0000E+00    0.0000E+00    0.0000E+00
 .236E+03    0.0000E+00    0.0000E+00    0.0000E+00    0.0000E+00    0.0000E+00
 .236E+03    0.0000E+00    0.0000E+00    0.0000E+00    0.0000E+00    0.0000E+00
 .237E+03    0.0000E+00    0.0000E+00    0.0000E+00    0.0000E+00    0.0000E+00
 .238E+03    0.0000E+00    0.0000E+00    0.0000E+00    0.0000E+00    0.0000E+00
 .238E+03    0.0000E+00    0.0000E+00    0.0000E+00    0.0000E+00    0.0000E+00
 .239E+03    0.0000E+00    0.0000E+00    0.0000E+00    0.0000E+00    0.0000E+00
 .240E+03    0.0000E+00    0.0000E+00    0.0000E+00    0.0000E+00    0.0000E+00
 .241E+03    0.0000E+00    0.0000E+00    0.0000E+00    0.0000E+00    0.0000E+00
 .242E+03    0.0000E+00    0.0000E+00    0.0000E+00    0.0000E+00    0.0000E+00
 .242E+03    0.0000E+00    0.0000E+00    0.0000E+00    0.0000E+00    0.0000E+00
 .243E+03    0.0000E+00    0.0000E+00    0.0000E+00    0.0000E+00    0.0000E+00
 .244E+03    0.0000E+00    0.0000E+00    0.0000E+00    0.0000E+00    0.0000E+00
 .244E+03    0.0000E+00    0.0000E+00    0.0000E+00    0.0000E+00    0.0000E+00
 .245E+03    0.0000E+00    0.0000E+00    0.0000E+00    0.0000E+00    0.0000E+00
 .246E+03    0.0000E+00    0.0000E+00    0.0000E+00    0.0000E+00    0.0000E+00
 .247E+03    0.0000E+00    0.0000E+00    0.0000E+00    0.0000E+00    0.0000E+00
 .248E+03    0.0000E+00    0.0000E+00    0.0000E+00    0.0000E+00    0.0000E+00
 .248E+03    0.0000E+00    0.0000E+00    0.0000E+00    0.0000E+00    0.0000E+00
 .249E+03    0.0000E+00    0.0000E+00    0.0000E+00    0.0000E+00    0.0000E+00
 .250E+03    0.0000E+00    0.0000E+00    0.0000E+00    0.0000E+00    0.0000E+00
 .250E+03    0.0000E+00    0.0000E+00    0.0000E+00    0.0000E+00    0.0000E+00
 .251E+03    0.0000E+00    0.0000E+00    0.0000E+00    0.0000E+00    0.0000E+00
 .252E+03    0.0000E+00    0.0000E+00    0.0000E+00    0.0000E+00    0.0000E+00
 .253E+03    0.0000E+00    0.0000E+00    0.0000E+00    0.0000E+00    0.0000E+00
 .254E+03    0.0000E+00    0.0000E+00    0.0000E+00    0.0000E+00    0.0000E+00
 .254E+03    0.0000E+00    0.0000E+00    0.0000E+00    0.0000E+00    0.0000E+00
 .255E+03    0.0000E+00    0.0000E+00    0.0000E+00    0.0000E+00    0.0000E+00
 .256E+03    0.0000E+00    0.0000E+00    0.0000E+00    0.0000E+00    0.0000E+00
 .256E+03    0.0000E+00    0.0000E+00    0.0000E+00    0.0000E+00    0.0000E+00
 .257E+03    0.0000E+00    0.0000E+00    0.0000E+00    0.0000E+00    0.0000E+00
 .258E+03    0.0000E+00    0.0000E+00    0.0000E+00    0.0000E+00    0.0000E+00
 .259E+03    0.0000E+00    0.0000E+00    0.0000E+00    0.0000E+00    0.0000E+00
 .260E+03    0.0000E+00    0.0000E+00    0.0000E+00    0.0000E+00    0.0000E+00
 .260E+03    0.0000E+00    0.0000E+00    0.0000E+00    0.0000E+00    0.0000E+00
 .261E+03    0.0000E+00    0.0000E+00    0.0000E+00    0.0000E+00    0.0000E+00
 .262E+03    0.0000E+00    0.0000E+00    0.0000E+00    0.0000E+00    0.0000E+00
 .262E+03    0.0000E+00    0.0000E+00    0.0000E+00    0.0000E+00    0.0000E+00
 .263E+03    0.0000E+00    0.0000E+00    0.0000E+00    0.0000E+00    0.0000E+00
 .264E+03    0.0000E+00    0.0000E+00    0.0000E+00    0.0000E+00    0.0000E+00
 .265E+03    0.0000E+00    0.0000E+00    0.0000E+00    0.0000E+00    0.0000E+00
 .266E+03    0.0000E+00    0.0000E+00    0.0000E+00    0.0000E+00    0.0000E+00
 .266E+03    0.0000E+00    0.0000E+00    0.0000E+00    0.0000E+00    0.0000E+00
 .267E+03    0.0000E+00    0.0000E+00    0.0000E+00    0.0000E+00    0.0000E+00
 .268E+03    0.0000E+00    0.0000E+00    0.0000E+00    0.0000E+00    0.0000E+00
 .268E+03    0.0000E+00    0.0000E+00    0.0000E+00    0.0000E+00    0.0000E+00
 .269E+03    0.0000E+00    0.0000E+00    0.0000E+00    0.0000E+00    0.0000E+00
 .270E+03    0.0000E+00    0.0000E+00    0.0000E+00    0.0000E+00    0.0000E+00
 .271E+03    0.0000E+00    0.0000E+00    0.0000E+00    0.0000E+00    0.0000E+00
 .272E+03    0.0000E+00    0.0000E+00    0.0000E+00    0.0000E+00    0.0000E+00
 .272E+03    0.0000E+00    0.0000E+00    0.0000E+00    0.0000E+00    0.0000E+00
 .273E+03    0.0000E+00    0.0000E+00    0.0000E+00    0.0000E+00    0.0000E+00
 .274E+03    0.0000E+00    0.0000E+00    0.0000E+00    0.0000E+00    0.0000E+00
 .274E+03    0.0000E+00    0.0000E+00    0.0000E+00    0.0000E+00    0.0000E+00
 .275E+03    0.0000E+00    0.0000E+00    0.0000E+00    0.0000E+00    0.0000E+00
 .276E+03    0.0000E+00    0.0000E+00    0.0000E+00    0.0000E+00    0.0000E+00
 .277E+03    0.0000E+00    0.0000E+00    0.0000E+00    0.0000E+00    0.0000E+00
 .278E+03    0.0000E+00    0.0000E+00    0.0000E+00    0.0000E+00    0.0000E+00
 .278E+03    0.0000E+00    0.0000E+00    0.0000E+00    0.0000E+00    0.0000E+00
 .279E+03    0.0000E+00    0.0000E+00    0.0000E+00    0.0000E+00    0.0000E+00
 .280E+03    0.0000E+00    0.0000E+00    0.0000E+00    0.0000E+00    0.0000E+00
 .280E+03    0.0000E+00    0.0000E+00    0.0000E+00    0.0000E+00    0.0000E+00
 .281E+03    0.0000E+00    0.0000E+00    0.0000E+00    0.0000E+00    0.0000E+00
 .282E+03    0.0000E+00    0.0000E+00    0.0000E+00    0.0000E+00    0.0000E+00
 .283E+03    0.0000E+00    0.0000E+00    0.0000E+00    0.0000E+00    0.0000E+00
 .284E+03    0.0000E+00    0.0000E+00    0.0000E+00    0.0000E+00    0.0000E+00
 .284E+03    0.0000E+00    0.0000E+00    0.0000E+00    0.0000E+00    0.0000E+00
 .285E+03    0.0000E+00    0.0000E+00    0.0000E+00    0.0000E+00    0.0000E+00
 .286E+03    0.0000E+00    0.0000E+00    0.0000E+00    0.0000E+00    0.0000E+00
 .286E+03    0.0000E+00    0.0000E+00    0.0000E+00    0.0000E+00    0.0000E+00
 .287E+03    0.0000E+00    0.0000E+00    0.0000E+00    0.0000E+00    0.0000E+00
 .288E+03    0.0000E+00    0.0000E+00    0.0000E+00    0.0000E+00    0.0000E+00
 .289E+03    0.0000E+00    0.0000E+00    0.0000E+00    0.0000E+00    0.0000E+00
 .290E+03    0.0000E+00    0.0000E+00    0.0000E+00    0.0000E+00    0.0000E+00
 .290E+03    0.0000E+00    0.0000E+00    0.0000E+00    0.0000E+00    0.0000E+00
 .291E+03    0.0000E+00    0.0000E+00    0.0000E+00    0.0000E+00    0.0000E+00
 .292E+03    0.0000E+00    0.0000E+00    0.0000E+00    0.0000E+00    0.0000E+00
 .292E+03    0.0000E+00    0.0000E+00    0.0000E+00    0.0000E+00    0.0000E+00
 .293E+03    0.0000E+00    0.0000E+00    0.0000E+00    0.0000E+00    0.0000E+00
 .294E+03    0.0000E+00    0.0000E+00    0.0000E+00    0.0000E+00    0.0000E+00
 .295E+03    0.0000E+00    0.0000E+00    0.0000E+00    0.0000E+00    0.0000E+00
 .296E+03    0.0000E+00    0.0000E+00    0.0000E+00    0.0000E+00    0.0000E+00
 .296E+03    0.0000E+00    0.0000E+00    0.0000E+00    0.0000E+00    0.0000E+00
 .297E+03    0.0000E+00    0.0000E+00    0.0000E+00    0.0000E+00    0.0000E+00
 .298E+03    0.0000E+00    0.0000E+00    0.0000E+00    0.0000E+00    0.0000E+00
 .298E+03    0.0000E+00    0.0000E+00    0.0000E+00    0.0000E+00    0.0000E+00
 .299E+03    0.0000E+00    0.0000E+00    0.0000E+00    0.0000E+00    0.0000E+00
 .300E+03    0.0000E+00    0.0000E+00    0.0000E+00    0.0000E+00    0.0000E+00
 .301E+03    0.0000E+00    0.0000E+00    0.0000E+00    0.0000E+00    0.0000E+00
 .302E+03    0.0000E+00    0.0000E+00    0.0000E+00    0.0000E+00    0.0000E+00
 .302E+03    0.0000E+00    0.0000E+00    0.0000E+00    0.0000E+00    0.0000E+00
 .303E+03    0.0000E+00    0.0000E+00    0.0000E+00    0.0000E+00    0.0000E+00
 .304E+03    0.0000E+00    0.0000E+00    0.0000E+00    0.0000E+00    0.0000E+00
 .304E+03    0.0000E+00    0.0000E+00    0.0000E+00    0.0000E+00    0.0000E+00
 .305E+03    0.0000E+00    0.0000E+00    0.0000E+00    0.0000E+00    0.0000E+00
 .306E+03    0.0000E+00    0.0000E+00    0.0000E+00    0.0000E+00    0.0000E+00
 .307E+03    0.0000E+00    0.0000E+00    0.0000E+00    0.0000E+00    0.0000E+00
 .308E+03    0.0000E+00    0.0000E+00    0.0000E+00    0.0000E+00    0.0000E+00
 .308E+03    0.0000E+00    0.0000E+00    0.0000E+00    0.0000E+00    0.0000E+00
 .309E+03    0.0000E+00    0.0000E+00    0.0000E+00    0.0000E+00    0.0000E+00
 .310E+03    0.0000E+00    0.0000E+00    0.0000E+00    0.0000E+00    0.0000E+00
 .310E+03    0.0000E+00    0.0000E+00    0.0000E+00    0.0000E+00    0.0000E+00
 .311E+03    0.0000E+00    0.0000E+00    0.0000E+00    0.0000E+00    0.0000E+00
 .312E+03    0.0000E+00    0.0000E+00    0.0000E+00    0.0000E+00    0.0000E+00
 .313E+03    0.0000E+00    0.0000E+00    0.0000E+00    0.0000E+00    0.0000E+00
 .314E+03    0.0000E+00    0.0000E+00    0.0000E+00    0.0000E+00    0.0000E+00
 .314E+03    0.0000E+00    0.0000E+00    0.0000E+00    0.0000E+00    0.0000E+00
 .315E+03    0.0000E+00    0.0000E+00    0.0000E+00    0.0000E+00    0.0000E+00
 .316E+03    0.0000E+00    0.0000E+00    0.0000E+00    0.0000E+00    0.0000E+00
 .316E+03    0.0000E+00    0.0000E+00    0.0000E+00    0.0000E+00    0.0000E+00
 .317E+03    0.0000E+00    0.0000E+00    0.0000E+00    0.0000E+00    0.0000E+00
 .318E+03    0.0000E+00    0.0000E+00    0.0000E+00    0.0000E+00    0.0000E+00
 .319E+03    0.0000E+00    0.0000E+00    0.0000E+00    0.0000E+00    0.0000E+00
 .320E+03    0.0000E+00    0.0000E+00    0.0000E+00    0.0000E+00    0.0000E+00
 .320E+03    0.0000E+00    0.0000E+00    0.0000E+00    0.0000E+00    0.0000E+00
 .321E+03    0.0000E+00    0.0000E+00    0.0000E+00    0.0000E+00    0.0000E+00
 .322E+03    0.0000E+00    0.0000E+00    0.0000E+00    0.0000E+00    0.0000E+00
 .322E+03    0.0000E+00    0.0000E+00    0.0000E+00    0.0000E+00    0.0000E+00
 .323E+03    0.0000E+00    0.0000E+00    0.0000E+00    0.0000E+00    0.0000E+00
 .324E+03    0.0000E+00    0.0000E+00    0.0000E+00    0.0000E+00    0.0000E+00
 .325E+03    0.0000E+00    0.0000E+00    0.0000E+00    0.0000E+00    0.0000E+00
 .326E+03    0.0000E+00    0.0000E+00    0.0000E+00    0.0000E+00    0.0000E+00
 .326E+03    0.0000E+00    0.0000E+00    0.0000E+00    0.0000E+00    0.0000E+00
 .327E+03    0.0000E+00    0.0000E+00    0.0000E+00    0.0000E+00    0.0000E+00
 .328E+03    0.0000E+00    0.0000E+00    0.0000E+00    0.0000E+00    0.0000E+00
 .328E+03    0.0000E+00    0.0000E+00    0.0000E+00    0.0000E+00    0.0000E+00
 .329E+03    0.0000E+00    0.0000E+00    0.0000E+00    0.0000E+00    0.0000E+00
 .330E+03    0.0000E+00    0.0000E+00    0.0000E+00    0.0000E+00    0.0000E+00
 .331E+03    0.0000E+00    0.0000E+00    0.0000E+00    0.0000E+00    0.0000E+00
 .332E+03    0.0000E+00    0.0000E+00    0.0000E+00    0.0000E+00    0.0000E+00
 .332E+03    0.0000E+00    0.0000E+00    0.0000E+00    0.0000E+00    0.0000E+00
 .333E+03    0.0000E+00    0.0000E+00    0.0000E+00    0.0000E+00    0.0000E+00
 .334E+03    0.0000E+00    0.0000E+00    0.0000E+00    0.0000E+00    0.0000E+00
 .334E+03    0.0000E+00    0.0000E+00    0.0000E+00    0.0000E+00    0.0000E+00
 .335E+03    0.0000E+00    0.0000E+00    0.0000E+00    0.0000E+00    0.0000E+00
 .336E+03    0.0000E+00    0.0000E+00    0.0000E+00    0.0000E+00    0.0000E+00
 .337E+03    0.0000E+00    0.0000E+00    0.0000E+00    0.0000E+00    0.0000E+00
 .338E+03    0.0000E+00    0.0000E+00    0.0000E+00    0.0000E+00    0.0000E+00
 .338E+03    0.0000E+00    0.0000E+00    0.0000E+00    0.0000E+00    0.0000E+00
 .339E+03    0.0000E+00    0.0000E+00    0.0000E+00    0.0000E+00    0.0000E+00
 .340E+03    0.0000E+00    0.0000E+00    0.0000E+00    0.0000E+00    0.0000E+00
 .340E+03    0.0000E+00    0.0000E+00    0.0000E+00    0.0000E+00    0.0000E+00
 .341E+03    0.0000E+00    0.0000E+00    0.0000E+00    0.0000E+00    0.0000E+00
 .342E+03    0.0000E+00    0.0000E+00    0.0000E+00    0.0000E+00    0.0000E+00
 .343E+03    0.0000E+00    0.0000E+00    0.0000E+00    0.0000E+00    0.0000E+00
 .344E+03    0.0000E+00    0.0000E+00    0.0000E+00    0.0000E+00    0.0000E+00
 .344E+03    0.0000E+00    0.0000E+00    0.0000E+00    0.0000E+00    0.0000E+00
 .345E+03    0.0000E+00    0.0000E+00    0.0000E+00    0.0000E+00    0.0000E+00
 .346E+03    0.0000E+00    0.0000E+00    0.0000E+00    0.0000E+00    0.0000E+00
 .346E+03    0.0000E+00    0.0000E+00    0.0000E+00    0.0000E+00    0.0000E+00
 .347E+03    0.0000E+00    0.0000E+00    0.0000E+00    0.0000E+00    0.0000E+00
 .348E+03    0.0000E+00    0.0000E+00    0.0000E+00    0.0000E+00    0.0000E+00
 .349E+03    0.0000E+00    0.0000E+00    0.0000E+00    0.0000E+00    0.0000E+00
 .350E+03    0.0000E+00    0.0000E+00    0.0000E+00    0.0000E+00    0.0000E+00
 .350E+03    0.0000E+00    0.0000E+00    0.0000E+00    0.0000E+00    0.0000E+00
 .351E+03    0.0000E+00    0.0000E+00    0.0000E+00    0.0000E+00    0.0000E+00
 .352E+03    0.0000E+00    0.0000E+00    0.0000E+00    0.0000E+00    0.0000E+00
 .352E+03    0.0000E+00    0.0000E+00    0.0000E+00    0.0000E+00    0.0000E+00
 .353E+03    0.0000E+00    0.0000E+00    0.0000E+00    0.0000E+00    0.0000E+00
 .354E+03    0.0000E+00    0.0000E+00    0.0000E+00    0.0000E+00    0.0000E+00
 .355E+03    0.0000E+00    0.0000E+00    0.0000E+00    0.0000E+00    0.0000E+00
 .356E+03    0.0000E+00    0.0000E+00    0.0000E+00    0.0000E+00    0.0000E+00
 .356E+03    0.0000E+00    0.0000E+00    0.0000E+00    0.0000E+00    0.0000E+00
 .357E+03    0.0000E+00    0.0000E+00    0.0000E+00    0.0000E+00    0.0000E+00
 .358E+03    0.0000E+00    0.0000E+00    0.0000E+00    0.0000E+00    0.0000E+00
 .358E+03    0.0000E+00    0.0000E+00    0.0000E+00    0.0000E+00    0.0000E+00
 .359E+03    0.0000E+00    0.0000E+00    0.0000E+00    0.0000E+00    0.0000E+00
 .360E+03    0.0000E+00    0.0000E+00    0.0000E+00    0.0000E+00    0.0000E+00
 .361E+03    0.0000E+00    0.0000E+00    0.0000E+00    0.0000E+00    0.0000E+00
 .362E+03    0.0000E+00    0.0000E+00    0.0000E+00    0.0000E+00    0.0000E+00
 .362E+03    0.0000E+00    0.0000E+00    0.0000E+00    0.0000E+00    0.0000E+00
 .363E+03    0.0000E+00    0.0000E+00    0.0000E+00    0.0000E+00    0.0000E+00
 .364E+03    0.0000E+00    0.0000E+00    0.0000E+00    0.0000E+00    0.0000E+00
 .364E+03    0.0000E+00    0.0000E+00    0.0000E+00    0.0000E+00    0.0000E+00
 .365E+03    0.0000E+00    0.0000E+00    0.0000E+00    0.0000E+00    0.0000E+00
 .366E+03    0.0000E+00    0.0000E+00    0.0000E+00    0.0000E+00    0.0000E+00
 .367E+03    0.0000E+00    0.0000E+00    0.0000E+00    0.0000E+00    0.0000E+00
 .368E+03    0.0000E+00    0.0000E+00    0.0000E+00    0.0000E+00    0.0000E+00
 .368E+03    0.0000E+00    0.0000E+00    0.0000E+00    0.0000E+00    0.0000E+00
 .369E+03    0.0000E+00    0.0000E+00    0.0000E+00    0.0000E+00    0.0000E+00
 .370E+03    0.0000E+00    0.0000E+00    0.0000E+00    0.0000E+00    0.0000E+00
 .370E+03    0.0000E+00    0.0000E+00    0.0000E+00    0.0000E+00    0.0000E+00
 .371E+03    0.0000E+00    0.0000E+00    0.0000E+00    0.0000E+00    0.0000E+00
 .372E+03    0.0000E+00    0.0000E+00    0.0000E+00    0.0000E+00    0.0000E+00
 .373E+03    0.0000E+00    0.0000E+00    0.0000E+00    0.0000E+00    0.0000E+00
 .374E+03    0.0000E+00    0.0000E+00    0.0000E+00    0.0000E+00    0.0000E+00
 .374E+03    0.0000E+00    0.0000E+00    0.0000E+00    0.0000E+00    0.0000E+00
 .375E+03    0.0000E+00    0.0000E+00    0.0000E+00    0.0000E+00    0.0000E+00
 .376E+03    0.0000E+00    0.0000E+00    0.0000E+00    0.0000E+00    0.0000E+00
 .376E+03    0.0000E+00    0.0000E+00    0.0000E+00    0.0000E+00    0.0000E+00
 .377E+03    0.0000E+00    0.0000E+00    0.0000E+00    0.0000E+00    0.0000E+00
 .378E+03    0.0000E+00    0.0000E+00    0.0000E+00    0.0000E+00    0.0000E+00
 .379E+03    0.0000E+00    0.0000E+00    0.0000E+00    0.0000E+00    0.0000E+00
 .380E+03    0.0000E+00    0.0000E+00    0.0000E+00    0.0000E+00    0.0000E+00
 .380E+03    0.0000E+00    0.0000E+00    0.0000E+00    0.0000E+00    0.0000E+00
 .381E+03    0.0000E+00    0.0000E+00    0.0000E+00    0.0000E+00    0.0000E+00
 .382E+03    0.0000E+00    0.0000E+00    0.0000E+00    0.0000E+00    0.0000E+00
 .382E+03    0.0000E+00    0.0000E+00    0.0000E+00    0.0000E+00    0.0000E+00
 .383E+03    0.0000E+00    0.0000E+00    0.0000E+00    0.0000E+00    0.0000E+00
 .384E+03    0.0000E+00    0.0000E+00    0.0000E+00    0.0000E+00    0.0000E+00
 .385E+03    0.0000E+00    0.0000E+00    0.0000E+00    0.0000E+00    0.0000E+00
 .386E+03    0.0000E+00    0.0000E+00    0.0000E+00    0.0000E+00    0.0000E+00
 .386E+03    0.0000E+00    0.0000E+00    0.0000E+00    0.0000E+00    0.0000E+00
 .387E+03    0.0000E+00    0.0000E+00    0.0000E+00    0.0000E+00    0.0000E+00
 .388E+03    0.0000E+00    0.0000E+00    0.0000E+00    0.0000E+00    0.0000E+00
 .388E+03    0.0000E+00    0.0000E+00    0.0000E+00    0.0000E+00    0.0000E+00
 .389E+03    0.0000E+00    0.0000E+00    0.0000E+00    0.0000E+00    0.0000E+00
 .390E+03    0.0000E+00    0.0000E+00    0.0000E+00    0.0000E+00    0.0000E+00
 .391E+03    0.0000E+00    0.0000E+00    0.0000E+00    0.0000E+00    0.0000E+00
 .392E+03    0.0000E+00    0.0000E+00    0.0000E+00    0.0000E+00    0.0000E+00
 .392E+03    0.0000E+00    0.0000E+00    0.0000E+00    0.0000E+00    0.0000E+00
 .393E+03    0.0000E+00    0.0000E+00    0.0000E+00    0.0000E+00    0.0000E+00
 .394E+03    0.0000E+00    0.0000E+00    0.0000E+00    0.0000E+00    0.0000E+00
 .394E+03    0.0000E+00    0.0000E+00    0.0000E+00    0.0000E+00    0.0000E+00
 .395E+03    0.0000E+00    0.0000E+00    0.0000E+00    0.0000E+00    0.0000E+00
 .396E+03    0.0000E+00    0.0000E+00    0.0000E+00    0.0000E+00    0.0000E+00
 .397E+03    0.0000E+00    0.0000E+00    0.0000E+00    0.0000E+00    0.0000E+00
 .398E+03    0.0000E+00    0.0000E+00    0.0000E+00    0.0000E+00    0.0000E+00
 .398E+03    0.0000E+00    0.0000E+00    0.0000E+00    0.0000E+00    0.0000E+00
 .399E+03    0.0000E+00    0.0000E+00    0.0000E+00    0.0000E+00    0.0000E+00
 .400E+03    0.0000E+00    0.0000E+00    0.0000E+00    0.0000E+00    0.0000E+00
 .400E+03    0.0000E+00    0.0000E+00    0.0000E+00    0.0000E+00    0.0000E+00
 .401E+03    0.0000E+00    0.0000E+00    0.0000E+00    0.0000E+00    0.0000E+00
 .402E+03    0.0000E+00    0.0000E+00    0.0000E+00    0.0000E+00    0.0000E+00
 .403E+03    0.0000E+00    0.0000E+00    0.0000E+00    0.0000E+00    0.0000E+00
 .404E+03    0.0000E+00    0.0000E+00    0.0000E+00    0.0000E+00    0.0000E+00
 .404E+03    0.0000E+00    0.0000E+00    0.0000E+00    0.0000E+00    0.0000E+00
 .405E+03    0.0000E+00    0.0000E+00    0.0000E+00    0.0000E+00    0.0000E+00
 .406E+03    0.0000E+00    0.0000E+00    0.0000E+00    0.0000E+00    0.0000E+00
 .406E+03    0.0000E+00    0.0000E+00    0.0000E+00    0.0000E+00    0.0000E+00
 .407E+03    0.0000E+00    0.0000E+00    0.0000E+00    0.0000E+00    0.0000E+00
 .408E+03    0.0000E+00    0.0000E+00    0.0000E+00    0.0000E+00    0.0000E+00
 .409E+03    0.0000E+00    0.0000E+00    0.0000E+00    0.0000E+00    0.0000E+00
 .410E+03    0.0000E+00    0.0000E+00    0.0000E+00    0.0000E+00    0.0000E+00
 .410E+03    0.0000E+00    0.0000E+00    0.0000E+00    0.0000E+00    0.0000E+00
 .411E+03    0.0000E+00    0.0000E+00    0.0000E+00    0.0000E+00    0.0000E+00
 .412E+03    0.0000E+00    0.0000E+00    0.0000E+00    0.0000E+00    0.0000E+00
 .412E+03    0.0000E+00    0.0000E+00    0.0000E+00    0.0000E+00    0.0000E+00
 .413E+03    0.0000E+00    0.0000E+00    0.0000E+00    0.0000E+00    0.0000E+00
 .414E+03    0.0000E+00    0.0000E+00    0.0000E+00    0.0000E+00    0.0000E+00
 .415E+03    0.0000E+00    0.0000E+00    0.0000E+00    0.0000E+00    0.0000E+00
 .416E+03    0.0000E+00    0.0000E+00    0.0000E+00    0.0000E+00    0.0000E+00
 .416E+03    0.0000E+00    0.0000E+00    0.0000E+00    0.0000E+00    0.0000E+00
 .417E+03    0.0000E+00    0.0000E+00    0.0000E+00    0.0000E+00    0.0000E+00
 .418E+03    0.0000E+00    0.0000E+00    0.0000E+00    0.0000E+00    0.0000E+00
 .418E+03    0.0000E+00    0.0000E+00    0.0000E+00    0.0000E+00    0.0000E+00
 .419E+03    0.0000E+00    0.0000E+00    0.0000E+00    0.0000E+00    0.0000E+00
 .420E+03    0.0000E+00    0.0000E+00    0.0000E+00    0.0000E+00    0.0000E+00
 .421E+03    0.0000E+00    0.0000E+00    0.0000E+00    0.0000E+00    0.0000E+00
 .422E+03    0.0000E+00    0.0000E+00    0.0000E+00    0.0000E+00    0.0000E+00
 .422E+03    0.0000E+00    0.0000E+00    0.0000E+00    0.0000E+00    0.0000E+00
 .423E+03    0.0000E+00    0.0000E+00    0.0000E+00    0.0000E+00    0.0000E+00
 .424E+03    0.0000E+00    0.0000E+00    0.0000E+00    0.0000E+00    0.0000E+00
 .424E+03    0.0000E+00    0.0000E+00    0.0000E+00    0.0000E+00    0.0000E+00
 .425E+03    0.0000E+00    0.0000E+00    0.0000E+00    0.0000E+00    0.0000E+00
 .426E+03    0.0000E+00    0.0000E+00    0.0000E+00    0.0000E+00    0.0000E+00
 .427E+03    0.0000E+00    0.0000E+00    0.0000E+00    0.0000E+00    0.0000E+00
 .428E+03    0.0000E+00    0.0000E+00    0.0000E+00    0.0000E+00    0.0000E+00
 .428E+03    0.0000E+00    0.0000E+00    0.0000E+00    0.0000E+00    0.0000E+00
 .429E+03    0.0000E+00    0.0000E+00    0.0000E+00    0.0000E+00    0.0000E+00
 .430E+03    0.0000E+00    0.0000E+00    0.0000E+00    0.0000E+00    0.0000E+00
 .430E+03    0.0000E+00    0.0000E+00    0.0000E+00    0.0000E+00    0.0000E+00
 .431E+03    0.0000E+00    0.0000E+00    0.0000E+00    0.0000E+00    0.0000E+00
 .432E+03    0.0000E+00    0.0000E+00    0.0000E+00    0.0000E+00    0.0000E+00
 .433E+03    0.0000E+00    0.0000E+00    0.0000E+00    0.0000E+00    0.0000E+00
 .434E+03    0.0000E+00    0.0000E+00    0.0000E+00    0.0000E+00    0.0000E+00
 .434E+03    0.0000E+00    0.0000E+00    0.0000E+00    0.0000E+00    0.0000E+00
 .435E+03    0.0000E+00    0.0000E+00    0.0000E+00    0.0000E+00    0.0000E+00
 .436E+03    0.0000E+00    0.0000E+00    0.0000E+00    0.0000E+00    0.0000E+00
 .436E+03    0.0000E+00    0.0000E+00    0.0000E+00    0.0000E+00    0.0000E+00
 .437E+03    0.0000E+00    0.0000E+00    0.0000E+00    0.0000E+00    0.0000E+00
 .438E+03    0.0000E+00    0.0000E+00    0.0000E+00    0.0000E+00    0.0000E+00
 .439E+03    0.0000E+00    0.0000E+00    0.0000E+00    0.0000E+00    0.0000E+00
 .440E+03    0.0000E+00    0.0000E+00    0.0000E+00    0.0000E+00    0.0000E+00
 .440E+03    0.0000E+00    0.0000E+00    0.0000E+00    0.0000E+00    0.0000E+00
 .441E+03    0.0000E+00    0.0000E+00    0.0000E+00    0.0000E+00    0.0000E+00
 .442E+03    0.0000E+00    0.0000E+00    0.0000E+00    0.0000E+00    0.0000E+00
 .442E+03    0.0000E+00    0.0000E+00    0.0000E+00    0.0000E+00    0.0000E+00
 .443E+03    0.0000E+00    0.0000E+00    0.0000E+00    0.0000E+00    0.0000E+00
 .444E+03    0.0000E+00    0.0000E+00    0.0000E+00    0.0000E+00    0.0000E+00
 .445E+03    0.0000E+00    0.0000E+00    0.0000E+00    0.0000E+00    0.0000E+00
 .446E+03    0.0000E+00    0.0000E+00    0.0000E+00    0.0000E+00    0.0000E+00
 .446E+03    0.0000E+00    0.0000E+00    0.0000E+00    0.0000E+00    0.0000E+00
 .447E+03    0.0000E+00    0.0000E+00    0.0000E+00    0.0000E+00    0.0000E+00
 .448E+03    0.0000E+00    0.0000E+00    0.0000E+00    0.0000E+00    0.0000E+00
 .448E+03    0.0000E+00    0.0000E+00    0.0000E+00    0.0000E+00    0.0000E+00
 .449E+03    0.0000E+00    0.0000E+00    0.0000E+00    0.0000E+00    0.0000E+00
 .450E+03    0.0000E+00    0.0000E+00    0.0000E+00    0.0000E+00    0.0000E+00
 .451E+03    0.0000E+00    0.0000E+00    0.0000E+00    0.0000E+00    0.0000E+00
 .452E+03    0.0000E+00    0.0000E+00    0.0000E+00    0.0000E+00    0.0000E+00
 .452E+03    0.0000E+00    0.0000E+00    0.0000E+00    0.0000E+00    0.0000E+00
 .453E+03    0.0000E+00    0.0000E+00    0.0000E+00    0.0000E+00    0.0000E+00
 .454E+03    0.0000E+00    0.0000E+00    0.0000E+00    0.0000E+00    0.0000E+00
 .454E+03    0.0000E+00    0.0000E+00    0.0000E+00    0.0000E+00    0.0000E+00
 .455E+03    0.0000E+00    0.0000E+00    0.0000E+00    0.0000E+00    0.0000E+00
 .456E+03    0.0000E+00    0.0000E+00    0.0000E+00    0.0000E+00    0.0000E+00
 .457E+03    0.0000E+00    0.0000E+00    0.0000E+00    0.0000E+00    0.0000E+00
 .458E+03    0.0000E+00    0.0000E+00    0.0000E+00    0.0000E+00    0.0000E+00
 .458E+03    0.0000E+00    0.0000E+00    0.0000E+00    0.0000E+00    0.0000E+00
 .459E+03    0.0000E+00    0.0000E+00    0.0000E+00    0.0000E+00    0.0000E+00
 .460E+03    0.0000E+00    0.0000E+00    0.0000E+00    0.0000E+00    0.0000E+00
 .460E+03    0.0000E+00    0.0000E+00    0.0000E+00    0.0000E+00    0.0000E+00
 .461E+03    0.0000E+00    0.0000E+00    0.0000E+00    0.0000E+00    0.0000E+00
 .462E+03    0.0000E+00    0.0000E+00    0.0000E+00    0.0000E+00    0.0000E+00
 .463E+03    0.0000E+00    0.0000E+00    0.0000E+00    0.0000E+00    0.0000E+00
 .464E+03    0.0000E+00    0.0000E+00    0.0000E+00    0.0000E+00    0.0000E+00
 .464E+03    0.0000E+00    0.0000E+00    0.0000E+00    0.0000E+00    0.0000E+00
 .465E+03    0.0000E+00    0.0000E+00    0.0000E+00    0.0000E+00    0.0000E+00
 .466E+03    0.0000E+00    0.0000E+00    0.0000E+00    0.0000E+00    0.0000E+00
 .466E+03    0.0000E+00    0.0000E+00    0.0000E+00    0.0000E+00    0.0000E+00
 .467E+03    0.0000E+00    0.0000E+00    0.0000E+00    0.0000E+00    0.0000E+00
 .468E+03    0.0000E+00    0.0000E+00    0.0000E+00    0.0000E+00    0.0000E+00
 .469E+03    0.0000E+00    0.0000E+00    0.0000E+00    0.0000E+00    0.0000E+00
 .470E+03    0.0000E+00    0.0000E+00    0.0000E+00    0.0000E+00    0.0000E+00
 .470E+03    0.0000E+00    0.0000E+00    0.0000E+00    0.0000E+00    0.0000E+00
 .471E+03    0.0000E+00    0.0000E+00    0.0000E+00    0.0000E+00    0.0000E+00
 .472E+03    0.0000E+00    0.0000E+00    0.0000E+00    0.0000E+00    0.0000E+00
 .472E+03    0.0000E+00    0.0000E+00    0.0000E+00    0.0000E+00    0.0000E+00
 .473E+03    0.0000E+00    0.0000E+00    0.0000E+00    0.0000E+00    0.0000E+00
 .474E+03    0.0000E+00    0.0000E+00    0.0000E+00    0.0000E+00    0.0000E+00
 .475E+03    0.0000E+00    0.0000E+00    0.0000E+00    0.0000E+00    0.0000E+00
 .476E+03    0.0000E+00    0.0000E+00    0.0000E+00    0.0000E+00    0.0000E+00
 .476E+03    0.0000E+00    0.0000E+00    0.0000E+00    0.0000E+00    0.0000E+00
 .477E+03    0.0000E+00    0.0000E+00    0.0000E+00    0.0000E+00    0.0000E+00
 .478E+03    0.0000E+00    0.0000E+00    0.0000E+00    0.0000E+00    0.0000E+00
 .478E+03    0.0000E+00    0.0000E+00    0.0000E+00    0.0000E+00    0.0000E+00
 .479E+03    0.0000E+00    0.0000E+00    0.0000E+00    0.0000E+00    0.0000E+00
 .480E+03    0.0000E+00    0.0000E+00    0.0000E+00    0.0000E+00    0.0000E+00
 .481E+03    0.0000E+00    0.0000E+00    0.0000E+00    0.0000E+00    0.0000E+00
 .482E+03    0.0000E+00    0.0000E+00    0.0000E+00    0.0000E+00    0.0000E+00
 .482E+03    0.0000E+00    0.0000E+00    0.0000E+00    0.0000E+00    0.0000E+00
 .483E+03    0.0000E+00    0.0000E+00    0.0000E+00    0.0000E+00    0.0000E+00
 .484E+03    0.0000E+00    0.0000E+00    0.0000E+00    0.0000E+00    0.0000E+00
 .484E+03    0.0000E+00    0.0000E+00    0.0000E+00    0.0000E+00    0.0000E+00
 .485E+03    0.0000E+00    0.0000E+00    0.0000E+00    0.0000E+00    0.0000E+00
 .486E+03    0.0000E+00    0.0000E+00    0.0000E+00    0.0000E+00    0.0000E+00
 .487E+03    0.0000E+00    0.0000E+00    0.0000E+00    0.0000E+00    0.0000E+00
 .488E+03    0.0000E+00    0.0000E+00    0.0000E+00    0.0000E+00    0.0000E+00
 .488E+03    0.0000E+00    0.0000E+00    0.0000E+00    0.0000E+00    0.0000E+00
 .489E+03    0.0000E+00    0.0000E+00    0.0000E+00    0.0000E+00    0.0000E+00
 .490E+03    0.0000E+00    0.0000E+00    0.0000E+00    0.0000E+00    0.0000E+00
 .490E+03    0.0000E+00    0.0000E+00    0.0000E+00    0.0000E+00    0.0000E+00
 .491E+03    0.0000E+00    0.0000E+00    0.0000E+00    0.0000E+00    0.0000E+00
 .492E+03    0.0000E+00    0.0000E+00    0.0000E+00    0.0000E+00    0.0000E+00
 .493E+03    0.0000E+00    0.0000E+00    0.0000E+00    0.0000E+00    0.0000E+00
 .494E+03    0.0000E+00    0.0000E+00    0.0000E+00    0.0000E+00    0.0000E+00
 .494E+03    0.0000E+00    0.0000E+00    0.0000E+00    0.0000E+00    0.0000E+00
 .495E+03    0.0000E+00    0.0000E+00    0.0000E+00    0.0000E+00    0.0000E+00
 .496E+03    0.0000E+00    0.0000E+00    0.0000E+00    0.0000E+00    0.0000E+00
 .496E+03    0.0000E+00    0.0000E+00    0.0000E+00    0.0000E+00    0.0000E+00
 .497E+03    0.0000E+00    0.0000E+00    0.0000E+00    0.0000E+00    0.0000E+00
 .498E+03    0.0000E+00    0.0000E+00    0.0000E+00    0.0000E+00    0.0000E+00
 .499E+03    0.0000E+00    0.0000E+00    0.0000E+00    0.0000E+00    0.0000E+00
 .500E+03    0.0000E+00    0.0000E+00    0.0000E+00    0.0000E+00    0.0000E+00
 .500E+03    0.0000E+00    0.0000E+00    0.0000E+00    0.0000E+00    0.0000E+00
 .501E+03    0.0000E+00    0.0000E+00    0.0000E+00    0.0000E+00    0.0000E+00
 .502E+03    0.0000E+00    0.0000E+00    0.0000E+00    0.0000E+00    0.0000E+00
 .502E+03    0.0000E+00    0.0000E+00    0.0000E+00    0.0000E+00    0.0000E+00
 .503E+03    0.0000E+00    0.0000E+00    0.0000E+00    0.0000E+00    0.0000E+00
 .504E+03    0.0000E+00    0.0000E+00    0.0000E+00    0.0000E+00    0.0000E+00
 .505E+03    0.0000E+00    0.0000E+00    0.0000E+00    0.0000E+00    0.0000E+00
 .506E+03    0.0000E+00    0.0000E+00    0.0000E+00    0.0000E+00    0.0000E+00
 .506E+03    0.0000E+00    0.0000E+00    0.0000E+00    0.0000E+00    0.0000E+00
 .507E+03    0.0000E+00    0.0000E+00    0.0000E+00    0.0000E+00    0.0000E+00
 .508E+03    0.0000E+00    0.0000E+00    0.0000E+00    0.0000E+00    0.0000E+00
 .508E+03    0.0000E+00    0.0000E+00    0.0000E+00    0.0000E+00    0.0000E+00
 .509E+03    0.0000E+00    0.0000E+00    0.0000E+00    0.0000E+00    0.0000E+00
 .510E+03    0.0000E+00    0.0000E+00    0.0000E+00    0.0000E+00    0.0000E+00
 .511E+03    0.0000E+00    0.0000E+00    0.0000E+00    0.0000E+00    0.0000E+00
 .512E+03    0.0000E+00    0.0000E+00    0.0000E+00    0.0000E+00    0.0000E+00
 .512E+03    0.0000E+00    0.0000E+00    0.0000E+00    0.0000E+00    0.0000E+00
 .513E+03    0.0000E+00    0.0000E+00    0.0000E+00    0.0000E+00    0.0000E+00
 .514E+03    0.0000E+00    0.0000E+00    0.0000E+00    0.0000E+00    0.0000E+00
 .514E+03    0.0000E+00    0.0000E+00    0.0000E+00    0.0000E+00    0.0000E+00
 .515E+03    0.0000E+00    0.0000E+00    0.0000E+00    0.0000E+00    0.0000E+00
 .516E+03    0.0000E+00    0.0000E+00    0.0000E+00    0.0000E+00    0.0000E+00
 .517E+03    0.0000E+00    0.0000E+00    0.0000E+00    0.0000E+00    0.0000E+00
 .518E+03    0.0000E+00    0.0000E+00    0.0000E+00    0.0000E+00    0.0000E+00
 .518E+03    0.0000E+00    0.0000E+00    0.0000E+00    0.0000E+00    0.0000E+00
 .519E+03    0.0000E+00    0.0000E+00    0.0000E+00    0.0000E+00    0.0000E+00
 .520E+03    0.0000E+00    0.0000E+00    0.0000E+00    0.0000E+00    0.0000E+00
 .520E+03    0.0000E+00    0.0000E+00    0.0000E+00    0.0000E+00    0.0000E+00
 .521E+03    0.0000E+00    0.0000E+00    0.0000E+00    0.0000E+00    0.0000E+00
 .522E+03    0.0000E+00    0.0000E+00    0.0000E+00    0.0000E+00    0.0000E+00
 .523E+03    0.0000E+00    0.0000E+00    0.0000E+00    0.0000E+00    0.0000E+00
 .524E+03    0.0000E+00    0.0000E+00    0.0000E+00    0.0000E+00    0.0000E+00
 .524E+03    0.0000E+00    0.0000E+00    0.0000E+00    0.0000E+00    0.0000E+00
 .525E+03    0.0000E+00    0.0000E+00    0.0000E+00    0.0000E+00    0.0000E+00
 .526E+03    0.0000E+00    0.0000E+00    0.0000E+00    0.0000E+00    0.0000E+00
 .526E+03    0.0000E+00    0.0000E+00    0.0000E+00    0.0000E+00    0.0000E+00
 .527E+03    0.0000E+00    0.0000E+00    0.0000E+00    0.0000E+00    0.0000E+00
 .528E+03    0.0000E+00    0.0000E+00    0.0000E+00    0.0000E+00    0.0000E+00
 .529E+03    0.0000E+00    0.0000E+00    0.0000E+00    0.0000E+00    0.0000E+00
 .530E+03    0.0000E+00    0.0000E+00    0.0000E+00    0.0000E+00    0.0000E+00
 .530E+03    0.0000E+00    0.0000E+00    0.0000E+00    0.0000E+00    0.0000E+00
 .531E+03    0.0000E+00    0.0000E+00    0.0000E+00    0.0000E+00    0.0000E+00
 .532E+03    0.0000E+00    0.0000E+00    0.0000E+00    0.0000E+00    0.0000E+00
 .532E+03    0.0000E+00    0.0000E+00    0.0000E+00    0.0000E+00    0.0000E+00
 .533E+03    0.0000E+00    0.0000E+00    0.0000E+00    0.0000E+00    0.0000E+00
 .534E+03    0.0000E+00    0.0000E+00    0.0000E+00    0.0000E+00    0.0000E+00
 .535E+03    0.0000E+00    0.0000E+00    0.0000E+00    0.0000E+00    0.0000E+00
 .536E+03    0.0000E+00    0.0000E+00    0.0000E+00    0.0000E+00    0.0000E+00
 .536E+03    0.0000E+00    0.0000E+00    0.0000E+00    0.0000E+00    0.0000E+00
 .537E+03    0.0000E+00    0.0000E+00    0.0000E+00    0.0000E+00    0.0000E+00
 .538E+03    0.0000E+00    0.0000E+00    0.0000E+00    0.0000E+00    0.0000E+00
 .538E+03    0.0000E+00    0.0000E+00    0.0000E+00    0.0000E+00    0.0000E+00
 .539E+03    0.0000E+00    0.0000E+00    0.0000E+00    0.0000E+00    0.0000E+00
 .540E+03    0.0000E+00    0.0000E+00    0.0000E+00    0.0000E+00    0.0000E+00
 .541E+03    0.0000E+00    0.0000E+00    0.0000E+00    0.0000E+00    0.0000E+00
 .542E+03    0.0000E+00    0.0000E+00    0.0000E+00    0.0000E+00    0.0000E+00
 .542E+03    0.0000E+00    0.0000E+00    0.0000E+00    0.0000E+00    0.0000E+00
 .543E+03    0.0000E+00    0.0000E+00    0.0000E+00    0.0000E+00    0.0000E+00
 .544E+03    0.0000E+00    0.0000E+00    0.0000E+00    0.0000E+00    0.0000E+00
 .544E+03    0.0000E+00    0.0000E+00    0.0000E+00    0.0000E+00    0.0000E+00
 .545E+03    0.0000E+00    0.0000E+00    0.0000E+00    0.0000E+00    0.0000E+00
 .546E+03    0.0000E+00    0.0000E+00    0.0000E+00    0.0000E+00    0.0000E+00
 .547E+03    0.0000E+00    0.0000E+00    0.0000E+00    0.0000E+00    0.0000E+00
 .548E+03    0.0000E+00    0.0000E+00    0.0000E+00    0.0000E+00    0.0000E+00
 .548E+03    0.0000E+00    0.0000E+00    0.0000E+00    0.0000E+00    0.0000E+00
 .549E+03    0.0000E+00    0.0000E+00    0.0000E+00    0.0000E+00    0.0000E+00
 .550E+03    0.0000E+00    0.0000E+00    0.0000E+00    0.0000E+00    0.0000E+00
 .550E+03    0.0000E+00    0.0000E+00    0.0000E+00    0.0000E+00    0.0000E+00
 .551E+03    0.0000E+00    0.0000E+00    0.0000E+00    0.0000E+00    0.0000E+00
 .552E+03    0.0000E+00    0.0000E+00    0.0000E+00    0.0000E+00    0.0000E+00
 .553E+03    0.0000E+00    0.0000E+00    0.0000E+00    0.0000E+00    0.0000E+00
 .554E+03    0.0000E+00    0.0000E+00    0.0000E+00    0.0000E+00    0.0000E+00
 .554E+03    0.0000E+00    0.0000E+00    0.0000E+00    0.0000E+00    0.0000E+00
 .555E+03    0.0000E+00    0.0000E+00    0.0000E+00    0.0000E+00    0.0000E+00
 .556E+03    0.0000E+00    0.0000E+00    0.0000E+00    0.0000E+00    0.0000E+00
 .556E+03    0.0000E+00    0.0000E+00    0.0000E+00    0.0000E+00    0.0000E+00
 .557E+03    0.0000E+00    0.0000E+00    0.0000E+00    0.0000E+00    0.0000E+00
 .558E+03    0.0000E+00    0.0000E+00    0.0000E+00    0.0000E+00    0.0000E+00
 .559E+03    0.0000E+00    0.0000E+00    0.0000E+00    0.0000E+00    0.0000E+00
 .560E+03    0.0000E+00    0.0000E+00    0.0000E+00    0.0000E+00    0.0000E+00
 .560E+03    0.0000E+00    0.0000E+00    0.0000E+00    0.0000E+00    0.0000E+00
 .561E+03    0.0000E+00    0.0000E+00    0.0000E+00    0.0000E+00    0.0000E+00
 .562E+03    0.0000E+00    0.0000E+00    0.0000E+00    0.0000E+00    0.0000E+00
 .562E+03    0.0000E+00    0.0000E+00    0.0000E+00    0.0000E+00    0.0000E+00
 .563E+03    0.0000E+00    0.0000E+00    0.0000E+00    0.0000E+00    0.0000E+00
 .564E+03    0.0000E+00    0.0000E+00    0.0000E+00    0.0000E+00    0.0000E+00
 .565E+03    0.0000E+00    0.0000E+00    0.0000E+00    0.0000E+00    0.0000E+00
 .566E+03    0.0000E+00    0.0000E+00    0.0000E+00    0.0000E+00    0.0000E+00
 .566E+03    0.0000E+00    0.0000E+00    0.0000E+00    0.0000E+00    0.0000E+00
 .567E+03    0.0000E+00    0.0000E+00    0.0000E+00    0.0000E+00    0.0000E+00
 .568E+03    0.0000E+00    0.0000E+00    0.0000E+00    0.0000E+00    0.0000E+00
 .568E+03    0.0000E+00    0.0000E+00    0.0000E+00    0.0000E+00    0.0000E+00
 .569E+03    0.0000E+00    0.0000E+00    0.0000E+00    0.0000E+00    0.0000E+00
 .570E+03    0.0000E+00    0.0000E+00    0.0000E+00    0.0000E+00    0.0000E+00
 .571E+03    0.0000E+00    0.0000E+00    0.0000E+00    0.0000E+00    0.0000E+00
 .572E+03    0.0000E+00    0.0000E+00    0.0000E+00    0.0000E+00    0.0000E+00
 .572E+03    0.0000E+00    0.0000E+00    0.0000E+00    0.0000E+00    0.0000E+00
 .573E+03    0.0000E+00    0.0000E+00    0.0000E+00    0.0000E+00    0.0000E+00
 .574E+03    0.0000E+00    0.0000E+00    0.0000E+00    0.0000E+00    0.0000E+00
 .574E+03    0.0000E+00    0.0000E+00    0.0000E+00    0.0000E+00    0.0000E+00
 .575E+03    0.0000E+00    0.0000E+00    0.0000E+00    0.0000E+00    0.0000E+00
 .576E+03    0.0000E+00    0.0000E+00    0.0000E+00    0.0000E+00    0.0000E+00
 .577E+03    0.0000E+00    0.0000E+00    0.0000E+00    0.0000E+00    0.0000E+00
 .578E+03    0.0000E+00    0.0000E+00    0.0000E+00    0.0000E+00    0.0000E+00
 .578E+03    0.0000E+00    0.0000E+00    0.0000E+00    0.0000E+00    0.0000E+00
 .579E+03    0.0000E+00    0.0000E+00    0.0000E+00    0.0000E+00    0.0000E+00
 .580E+03    0.0000E+00    0.0000E+00    0.0000E+00    0.0000E+00    0.0000E+00
 .580E+03    0.0000E+00    0.0000E+00    0.0000E+00    0.0000E+00    0.0000E+00
 .581E+03    0.0000E+00    0.0000E+00    0.0000E+00    0.0000E+00    0.0000E+00
 .582E+03    0.0000E+00    0.0000E+00    0.0000E+00    0.0000E+00    0.0000E+00
 .583E+03    0.0000E+00    0.0000E+00    0.0000E+00    0.0000E+00    0.0000E+00
 .584E+03    0.0000E+00    0.0000E+00    0.0000E+00    0.0000E+00    0.0000E+00
 .584E+03    0.0000E+00    0.0000E+00    0.0000E+00    0.0000E+00    0.0000E+00
 .585E+03    0.0000E+00    0.0000E+00    0.0000E+00    0.0000E+00    0.0000E+00
 .586E+03    0.0000E+00    0.0000E+00    0.0000E+00    0.0000E+00    0.0000E+00
 .586E+03    0.0000E+00    0.0000E+00    0.0000E+00    0.0000E+00    0.0000E+00
 .587E+03    0.0000E+00    0.0000E+00    0.0000E+00    0.0000E+00    0.0000E+00
 .588E+03    0.0000E+00    0.0000E+00    0.0000E+00    0.0000E+00    0.0000E+00
 .589E+03    0.0000E+00    0.0000E+00    0.0000E+00    0.0000E+00    0.0000E+00
 .590E+03    0.0000E+00    0.0000E+00    0.0000E+00    0.0000E+00    0.0000E+00
 .590E+03    0.0000E+00    0.0000E+00    0.0000E+00    0.0000E+00    0.0000E+00
 .591E+03    0.0000E+00    0.0000E+00    0.0000E+00    0.0000E+00    0.0000E+00
 .592E+03    0.0000E+00    0.0000E+00    0.0000E+00    0.0000E+00    0.0000E+00
 .592E+03    0.0000E+00    0.0000E+00    0.0000E+00    0.0000E+00    0.0000E+00
 .593E+03    0.0000E+00    0.0000E+00    0.0000E+00    0.0000E+00    0.0000E+00
 .594E+03    0.0000E+00    0.0000E+00    0.0000E+00    0.0000E+00    0.0000E+00
 .595E+03    0.0000E+00    0.0000E+00    0.0000E+00    0.0000E+00    0.0000E+00
 .596E+03    0.0000E+00    0.0000E+00    0.0000E+00    0.0000E+00    0.0000E+00
 .596E+03    0.0000E+00    0.0000E+00    0.0000E+00    0.0000E+00    0.0000E+00
 .597E+03    0.0000E+00    0.0000E+00    0.0000E+00    0.0000E+00    0.0000E+00
 .598E+03    0.0000E+00    0.0000E+00    0.0000E+00    0.0000E+00    0.0000E+00
 .598E+03    0.0000E+00    0.0000E+00    0.0000E+00    0.0000E+00    0.0000E+00
 .599E+03    0.0000E+00    0.0000E+00    0.0000E+00    0.0000E+00    0.0000E+00
 .600E+03    0.0000E+00    0.0000E+00    0.0000E+00    0.0000E+00    0.0000E+00
 .601E+03    0.0000E+00    0.0000E+00    0.0000E+00    0.0000E+00    0.0000E+00
 .602E+03    0.0000E+00    0.0000E+00    0.0000E+00    0.0000E+00    0.0000E+00
 .602E+03    0.0000E+00    0.0000E+00    0.0000E+00    0.0000E+00    0.0000E+00
 .603E+03    0.0000E+00    0.0000E+00    0.0000E+00    0.0000E+00    0.0000E+00
 .604E+03    0.0000E+00    0.0000E+00    0.0000E+00    0.0000E+00    0.0000E+00
 .604E+03    0.0000E+00    0.0000E+00    0.0000E+00    0.0000E+00    0.0000E+00
 .605E+03    0.0000E+00    0.0000E+00    0.0000E+00    0.0000E+00    0.0000E+00
 .606E+03    0.0000E+00    0.0000E+00    0.0000E+00    0.0000E+00    0.0000E+00
 .607E+03    0.0000E+00    0.0000E+00    0.0000E+00    0.0000E+00    0.0000E+00
 .608E+03    0.0000E+00    0.0000E+00    0.0000E+00    0.0000E+00    0.0000E+00
 .608E+03    0.0000E+00    0.0000E+00    0.0000E+00    0.0000E+00    0.0000E+00
 .609E+03    0.0000E+00    0.0000E+00    0.0000E+00    0.0000E+00    0.0000E+00
 .610E+03    0.0000E+00    0.0000E+00    0.0000E+00    0.0000E+00    0.0000E+00
 .610E+03    0.0000E+00    0.0000E+00    0.0000E+00    0.0000E+00    0.0000E+00
 .611E+03    0.0000E+00    0.0000E+00    0.0000E+00    0.0000E+00    0.0000E+00
 .612E+03    0.0000E+00    0.0000E+00    0.0000E+00    0.0000E+00    0.0000E+00
 .613E+03    0.0000E+00    0.0000E+00    0.0000E+00    0.0000E+00    0.0000E+00
 .614E+03    0.0000E+00    0.0000E+00    0.0000E+00    0.0000E+00    0.0000E+00
 .614E+03    0.0000E+00    0.0000E+00    0.0000E+00    0.0000E+00    0.0000E+00
 .615E+03    0.0000E+00    0.0000E+00    0.0000E+00    0.0000E+00    0.0000E+00
 .616E+03    0.0000E+00    0.0000E+00    0.0000E+00    0.0000E+00    0.0000E+00
 .616E+03    0.0000E+00    0.0000E+00    0.0000E+00    0.0000E+00    0.0000E+00
 .617E+03    0.0000E+00    0.0000E+00    0.0000E+00    0.0000E+00    0.0000E+00
 .618E+03    0.0000E+00    0.0000E+00    0.0000E+00    0.0000E+00    0.0000E+00
 .619E+03    0.0000E+00    0.0000E+00    0.0000E+00    0.0000E+00    0.0000E+00
 .620E+03    0.0000E+00    0.0000E+00    0.0000E+00    0.0000E+00    0.0000E+00
 .620E+03    0.0000E+00    0.0000E+00    0.0000E+00    0.0000E+00    0.0000E+00
 .621E+03    0.0000E+00    0.0000E+00    0.0000E+00    0.0000E+00    0.0000E+00
 .622E+03    0.0000E+00    0.0000E+00    0.0000E+00    0.0000E+00    0.0000E+00
 .622E+03    0.0000E+00    0.0000E+00    0.0000E+00    0.0000E+00    0.0000E+00
 .623E+03    0.0000E+00    0.0000E+00    0.0000E+00    0.0000E+00    0.0000E+00
 .624E+03    0.0000E+00    0.0000E+00    0.0000E+00    0.0000E+00    0.0000E+00
 .625E+03    0.0000E+00    0.0000E+00    0.0000E+00    0.0000E+00    0.0000E+00
 .626E+03    0.0000E+00    0.0000E+00    0.0000E+00    0.0000E+00    0.0000E+00
 .626E+03    0.0000E+00    0.0000E+00    0.0000E+00    0.0000E+00    0.0000E+00
 .627E+03    0.0000E+00    0.0000E+00    0.0000E+00    0.0000E+00    0.0000E+00
 .628E+03    0.0000E+00    0.0000E+00    0.0000E+00    0.0000E+00    0.0000E+00
 .628E+03    0.0000E+00    0.0000E+00    0.0000E+00    0.0000E+00    0.0000E+00
 .629E+03    0.0000E+00    0.0000E+00    0.0000E+00    0.0000E+00    0.0000E+00
 .630E+03    0.0000E+00    0.0000E+00    0.0000E+00    0.0000E+00    0.0000E+00
 .631E+03    0.0000E+00    0.0000E+00    0.0000E+00    0.0000E+00    0.0000E+00
 .632E+03    0.0000E+00    0.0000E+00    0.0000E+00    0.0000E+00    0.0000E+00
 .632E+03    0.0000E+00    0.0000E+00    0.0000E+00    0.0000E+00    0.0000E+00
 .633E+03    0.0000E+00    0.0000E+00    0.0000E+00    0.0000E+00    0.0000E+00
 .634E+03    0.0000E+00    0.0000E+00    0.0000E+00    0.0000E+00    0.0000E+00
 .634E+03    0.0000E+00    0.0000E+00    0.0000E+00    0.0000E+00    0.0000E+00
 .635E+03    0.0000E+00    0.0000E+00    0.0000E+00    0.0000E+00    0.0000E+00
 .636E+03    0.0000E+00    0.0000E+00    0.0000E+00    0.0000E+00    0.0000E+00
 .637E+03    0.0000E+00    0.0000E+00    0.0000E+00    0.0000E+00    0.0000E+00
 .638E+03    0.0000E+00    0.0000E+00    0.0000E+00    0.0000E+00    0.0000E+00
 .638E+03    0.0000E+00    0.0000E+00    0.0000E+00    0.0000E+00    0.0000E+00
 .639E+03    0.0000E+00    0.0000E+00    0.0000E+00    0.0000E+00    0.0000E+00
 .640E+03    0.0000E+00    0.0000E+00    0.0000E+00    0.0000E+00    0.0000E+00
 .640E+03    0.0000E+00    0.0000E+00    0.0000E+00    0.0000E+00    0.0000E+00
 .641E+03    0.0000E+00    0.0000E+00    0.0000E+00    0.0000E+00    0.0000E+00
 .642E+03    0.0000E+00    0.0000E+00    0.0000E+00    0.0000E+00    0.0000E+00
 .643E+03    0.0000E+00    0.0000E+00    0.0000E+00    0.0000E+00    0.0000E+00
 .644E+03    0.0000E+00    0.0000E+00    0.0000E+00    0.0000E+00    0.0000E+00
 .644E+03    0.0000E+00    0.0000E+00    0.0000E+00    0.0000E+00    0.0000E+00
 .645E+03    0.0000E+00    0.0000E+00    0.0000E+00    0.0000E+00    0.0000E+00
 .646E+03    0.0000E+00    0.0000E+00    0.0000E+00    0.0000E+00    0.0000E+00
 .646E+03    0.0000E+00    0.0000E+00    0.0000E+00    0.0000E+00    0.0000E+00
 .647E+03    0.0000E+00    0.0000E+00    0.0000E+00    0.0000E+00    0.0000E+00
 .648E+03    0.0000E+00    0.0000E+00    0.0000E+00    0.0000E+00    0.0000E+00
 .649E+03    0.0000E+00    0.0000E+00    0.0000E+00    0.0000E+00    0.0000E+00
 .650E+03    0.0000E+00    0.0000E+00    0.0000E+00    0.0000E+00    0.0000E+00
 .650E+03    0.0000E+00    0.0000E+00    0.0000E+00    0.0000E+00    0.0000E+00
 .651E+03    0.0000E+00    0.0000E+00    0.0000E+00    0.0000E+00    0.0000E+00
 .652E+03    0.0000E+00    0.0000E+00    0.0000E+00    0.0000E+00    0.0000E+00
 .652E+03    0.0000E+00    0.0000E+00    0.0000E+00    0.0000E+00    0.0000E+00
 .653E+03    0.0000E+00    0.0000E+00    0.0000E+00    0.0000E+00    0.0000E+00
 .654E+03    0.0000E+00    0.0000E+00    0.0000E+00    0.0000E+00    0.0000E+00
 .655E+03    0.0000E+00    0.0000E+00    0.0000E+00    0.0000E+00    0.0000E+00
 .656E+03    0.0000E+00    0.0000E+00    0.0000E+00    0.0000E+00    0.0000E+00
 .656E+03    0.0000E+00    0.0000E+00    0.0000E+00    0.0000E+00    0.0000E+00
 .657E+03    0.0000E+00    0.0000E+00    0.0000E+00    0.0000E+00    0.0000E+00
 .658E+03    0.0000E+00    0.0000E+00    0.0000E+00    0.0000E+00    0.0000E+00
 .658E+03    0.0000E+00    0.0000E+00    0.0000E+00    0.0000E+00    0.0000E+00
 .659E+03    0.0000E+00    0.0000E+00    0.0000E+00    0.0000E+00    0.0000E+00
 .660E+03    0.0000E+00    0.0000E+00    0.0000E+00    0.0000E+00    0.0000E+00
 .661E+03    0.0000E+00    0.0000E+00    0.0000E+00    0.0000E+00    0.0000E+00
 .662E+03    0.0000E+00    0.0000E+00    0.0000E+00    0.0000E+00    0.0000E+00
 .662E+03    0.0000E+00    0.0000E+00    0.0000E+00    0.0000E+00    0.0000E+00
 .663E+03    0.0000E+00    0.0000E+00    0.0000E+00    0.0000E+00    0.0000E+00
 .664E+03    0.0000E+00    0.0000E+00    0.0000E+00    0.0000E+00    0.0000E+00
 .664E+03    0.0000E+00    0.0000E+00    0.0000E+00    0.0000E+00    0.0000E+00
 .665E+03    0.0000E+00    0.0000E+00    0.0000E+00    0.0000E+00    0.0000E+00
 .666E+03    0.0000E+00    0.0000E+00    0.0000E+00    0.0000E+00    0.0000E+00
 .667E+03    0.0000E+00    0.0000E+00    0.0000E+00    0.0000E+00    0.0000E+00
 .668E+03    0.0000E+00    0.0000E+00    0.0000E+00    0.0000E+00    0.0000E+00
 .668E+03    0.0000E+00    0.0000E+00    0.0000E+00    0.0000E+00    0.0000E+00
 .669E+03    0.0000E+00    0.0000E+00    0.0000E+00    0.0000E+00    0.0000E+00
 .670E+03    0.0000E+00    0.0000E+00    0.0000E+00    0.0000E+00    0.0000E+00
 .670E+03    0.0000E+00    0.0000E+00    0.0000E+00    0.0000E+00    0.0000E+00
 .671E+03    0.0000E+00    0.0000E+00    0.0000E+00    0.0000E+00    0.0000E+00
 .672E+03    0.0000E+00    0.0000E+00    0.0000E+00    0.0000E+00    0.0000E+00
 .673E+03    0.0000E+00    0.0000E+00    0.0000E+00    0.0000E+00    0.0000E+00
 .674E+03    0.0000E+00    0.0000E+00    0.0000E+00    0.0000E+00    0.0000E+00
 .674E+03    0.0000E+00    0.0000E+00    0.0000E+00    0.0000E+00    0.0000E+00
 .675E+03    0.0000E+00    0.0000E+00    0.0000E+00    0.0000E+00    0.0000E+00
 .676E+03    0.0000E+00    0.0000E+00    0.0000E+00    0.0000E+00    0.0000E+00
 .676E+03    0.0000E+00    0.0000E+00    0.0000E+00    0.0000E+00    0.0000E+00
 .677E+03    0.0000E+00    0.0000E+00    0.0000E+00    0.0000E+00    0.0000E+00
 .678E+03    0.0000E+00    0.0000E+00    0.0000E+00    0.0000E+00    0.0000E+00
 .679E+03    0.0000E+00    0.0000E+00    0.0000E+00    0.0000E+00    0.0000E+00
 .680E+03    0.0000E+00    0.0000E+00    0.0000E+00    0.0000E+00    0.0000E+00
 .680E+03    0.0000E+00    0.0000E+00    0.0000E+00    0.0000E+00    0.0000E+00
 .681E+03    0.0000E+00    0.0000E+00    0.0000E+00    0.0000E+00    0.0000E+00
 .682E+03    0.0000E+00    0.0000E+00    0.0000E+00    0.0000E+00    0.0000E+00
 .682E+03    0.0000E+00    0.0000E+00    0.0000E+00    0.0000E+00    0.0000E+00
 .683E+03    0.0000E+00    0.0000E+00    0.0000E+00    0.0000E+00    0.0000E+00
 .684E+03    0.0000E+00    0.0000E+00    0.0000E+00    0.0000E+00    0.0000E+00
 .685E+03    0.0000E+00    0.0000E+00    0.0000E+00    0.0000E+00    0.0000E+00
 .686E+03    0.0000E+00    0.0000E+00    0.0000E+00    0.0000E+00    0.0000E+00
 .686E+03    0.0000E+00    0.0000E+00    0.0000E+00    0.0000E+00    0.0000E+00
 .687E+03    0.0000E+00    0.0000E+00    0.0000E+00    0.0000E+00    0.0000E+00
 .688E+03    0.0000E+00    0.0000E+00    0.0000E+00    0.0000E+00    0.0000E+00
 .688E+03    0.0000E+00    0.0000E+00    0.0000E+00    0.0000E+00    0.0000E+00
 .689E+03    0.0000E+00    0.0000E+00    0.0000E+00    0.0000E+00    0.0000E+00
 .690E+03    0.0000E+00    0.0000E+00    0.0000E+00    0.0000E+00    0.0000E+00
 .691E+03    0.0000E+00    0.0000E+00    0.0000E+00    0.0000E+00    0.0000E+00
 .692E+03    0.0000E+00    0.0000E+00    0.0000E+00    0.0000E+00    0.0000E+00
 .692E+03    0.0000E+00    0.0000E+00    0.0000E+00    0.0000E+00    0.0000E+00
 .693E+03    0.0000E+00    0.0000E+00    0.0000E+00    0.0000E+00    0.0000E+00
 .694E+03    0.0000E+00    0.0000E+00    0.0000E+00    0.0000E+00    0.0000E+00
 .694E+03    0.0000E+00    0.0000E+00    0.0000E+00    0.0000E+00    0.0000E+00
 .695E+03    0.0000E+00    0.0000E+00    0.0000E+00    0.0000E+00    0.0000E+00
 .696E+03    0.0000E+00    0.0000E+00    0.0000E+00    0.0000E+00    0.0000E+00
 .697E+03    0.0000E+00    0.0000E+00    0.0000E+00    0.0000E+00    0.0000E+00
 .698E+03    0.0000E+00    0.0000E+00    0.0000E+00    0.0000E+00    0.0000E+00
 .698E+03    0.0000E+00    0.0000E+00    0.0000E+00    0.0000E+00    0.0000E+00
 .699E+03    0.0000E+00    0.0000E+00    0.0000E+00    0.0000E+00    0.0000E+00
 .700E+03    0.0000E+00    0.0000E+00    0.0000E+00    0.0000E+00    0.0000E+00
 .700E+03    0.0000E+00    0.0000E+00    0.0000E+00    0.0000E+00    0.0000E+00
 .701E+03    0.0000E+00    0.0000E+00    0.0000E+00    0.0000E+00    0.0000E+00
 .702E+03    0.0000E+00    0.0000E+00    0.0000E+00    0.0000E+00    0.0000E+00
 .703E+03    0.0000E+00    0.0000E+00    0.0000E+00    0.0000E+00    0.0000E+00
 .704E+03    0.0000E+00    0.0000E+00    0.0000E+00    0.0000E+00    0.0000E+00
 .704E+03    0.0000E+00    0.0000E+00    0.0000E+00    0.0000E+00    0.0000E+00
 .705E+03    0.0000E+00    0.0000E+00    0.0000E+00    0.0000E+00    0.0000E+00
 .706E+03    0.0000E+00    0.0000E+00    0.0000E+00    0.0000E+00    0.0000E+00
 .706E+03    0.0000E+00    0.0000E+00    0.0000E+00    0.0000E+00    0.0000E+00
 .707E+03    0.0000E+00    0.0000E+00    0.0000E+00    0.0000E+00    0.0000E+00
 .708E+03    0.0000E+00    0.0000E+00    0.0000E+00    0.0000E+00    0.0000E+00
 .709E+03    0.0000E+00    0.0000E+00    0.0000E+00    0.0000E+00    0.0000E+00
 .710E+03    0.0000E+00    0.0000E+00    0.0000E+00    0.0000E+00    0.0000E+00
 .710E+03    0.0000E+00    0.0000E+00    0.0000E+00    0.0000E+00    0.0000E+00
 .711E+03    0.0000E+00    0.0000E+00    0.0000E+00    0.0000E+00    0.0000E+00
 .712E+03    0.0000E+00    0.0000E+00    0.0000E+00    0.0000E+00    0.0000E+00
 .712E+03    0.0000E+00    0.0000E+00    0.0000E+00    0.0000E+00    0.0000E+00
 .713E+03    0.0000E+00    0.0000E+00    0.0000E+00    0.0000E+00    0.0000E+00
 .714E+03    0.0000E+00    0.0000E+00    0.0000E+00    0.0000E+00    0.0000E+00
 .715E+03    0.0000E+00    0.0000E+00    0.0000E+00    0.0000E+00    0.0000E+00
 .716E+03    0.0000E+00    0.0000E+00    0.0000E+00    0.0000E+00    0.0000E+00
 .716E+03    0.0000E+00    0.0000E+00    0.0000E+00    0.0000E+00    0.0000E+00
 .717E+03    0.0000E+00    0.0000E+00    0.0000E+00    0.0000E+00    0.0000E+00
 .718E+03    0.0000E+00    0.0000E+00    0.0000E+00    0.0000E+00    0.0000E+00
 .718E+03    0.0000E+00    0.0000E+00    0.0000E+00    0.0000E+00    0.0000E+00
 .719E+03    0.0000E+00    0.0000E+00    0.0000E+00    0.0000E+00    0.0000E+00
 .720E+03    0.0000E+00    0.0000E+00    0.0000E+00    0.0000E+00    0.0000E+00
 .721E+03    0.0000E+00    0.0000E+00    0.0000E+00    0.0000E+00    0.0000E+00
 .722E+03    0.0000E+00    0.0000E+00    0.0000E+00    0.0000E+00    0.0000E+00
 .722E+03    0.0000E+00    0.0000E+00    0.0000E+00    0.0000E+00    0.0000E+00
 .723E+03    0.0000E+00    0.0000E+00    0.0000E+00    0.0000E+00    0.0000E+00
 .724E+03    0.0000E+00    0.0000E+00    0.0000E+00    0.0000E+00    0.0000E+00
 .724E+03    0.0000E+00    0.0000E+00    0.0000E+00    0.0000E+00    0.0000E+00
 .725E+03    0.0000E+00    0.0000E+00    0.0000E+00    0.0000E+00    0.0000E+00
 .726E+03    0.0000E+00    0.0000E+00    0.0000E+00    0.0000E+00    0.0000E+00
 .727E+03    0.0000E+00    0.0000E+00    0.0000E+00    0.0000E+00    0.0000E+00
 .728E+03    0.0000E+00    0.0000E+00    0.0000E+00    0.0000E+00    0.0000E+00
 .728E+03    0.0000E+00    0.0000E+00    0.0000E+00    0.0000E+00    0.0000E+00
 .729E+03    0.0000E+00    0.0000E+00    0.0000E+00    0.0000E+00    0.0000E+00
 .730E+03    0.0000E+00    0.0000E+00    0.0000E+00    0.0000E+00    0.0000E+00
 .730E+03    0.0000E+00    0.0000E+00    0.0000E+00    0.0000E+00    0.0000E+00
 .731E+03    0.0000E+00    0.0000E+00    0.0000E+00    0.0000E+00    0.0000E+00
 .732E+03    0.0000E+00    0.0000E+00    0.0000E+00    0.0000E+00    0.0000E+00
 .733E+03    0.0000E+00    0.0000E+00    0.0000E+00    0.0000E+00    0.0000E+00
 .734E+03    0.0000E+00    0.0000E+00    0.0000E+00    0.0000E+00    0.0000E+00
 .734E+03    0.0000E+00    0.0000E+00    0.0000E+00    0.0000E+00    0.0000E+00
 .735E+03    0.0000E+00    0.0000E+00    0.0000E+00    0.0000E+00    0.0000E+00
 .736E+03    0.0000E+00    0.0000E+00    0.0000E+00    0.0000E+00    0.0000E+00
 .736E+03    0.0000E+00    0.0000E+00    0.0000E+00    0.0000E+00    0.0000E+00
 .737E+03    0.0000E+00    0.0000E+00    0.0000E+00    0.0000E+00    0.0000E+00
 .738E+03    0.0000E+00    0.0000E+00    0.0000E+00    0.0000E+00    0.0000E+00
 .739E+03    0.0000E+00    0.0000E+00    0.0000E+00    0.0000E+00    0.0000E+00
 .740E+03    0.0000E+00    0.0000E+00    0.0000E+00    0.0000E+00    0.0000E+00
 .740E+03    0.0000E+00    0.0000E+00    0.0000E+00    0.0000E+00    0.0000E+00
 .741E+03    0.0000E+00    0.0000E+00    0.0000E+00    0.0000E+00    0.0000E+00
 .742E+03    0.0000E+00    0.0000E+00    0.0000E+00    0.0000E+00    0.0000E+00
 .742E+03    0.0000E+00    0.0000E+00    0.0000E+00    0.0000E+00    0.0000E+00
 .743E+03    0.0000E+00    0.0000E+00    0.0000E+00    0.0000E+00    0.0000E+00
 .744E+03    0.0000E+00    0.0000E+00    0.0000E+00    0.0000E+00    0.0000E+00
 .745E+03    0.0000E+00    0.0000E+00    0.0000E+00    0.0000E+00    0.0000E+00
 .746E+03    0.0000E+00    0.0000E+00    0.0000E+00    0.0000E+00    0.0000E+00
 .746E+03    0.0000E+00    0.0000E+00    0.0000E+00    0.0000E+00    0.0000E+00
 .747E+03    0.0000E+00    0.0000E+00    0.0000E+00    0.0000E+00    0.0000E+00
 .748E+03    0.0000E+00    0.0000E+00    0.0000E+00    0.0000E+00    0.0000E+00
 .748E+03    0.0000E+00    0.0000E+00    0.0000E+00    0.0000E+00    0.0000E+00
 .749E+03    0.0000E+00    0.0000E+00    0.0000E+00    0.0000E+00    0.0000E+00
 .750E+03    0.0000E+00    0.0000E+00    0.0000E+00    0.0000E+00    0.0000E+00
      #,realization=   1
